Release,Date from,Date to,Top 1 contributing companies,Top 2 contributing companies,Top 3 contributing companies,Top 4 contributing companies,Top 5 contributing companies,Top 10 contributing companies,Top 15 contributing companies,Top 20 contributing companies,Top 25 contributing companies,Top 30 contributing companies,Top 50 contributing companies,Top 100 contributing companies,Top 200 contributing companies,Top 500 contributing companies,Top 1000 contributing companies
Before joining CNCF,1/2/2014,3/15/2018,Apcera,"Apcera,Synadia","Apcera,Synadia,Workiva","Apcera,Synadia,Workiva,Automatic","Apcera,Synadia,Workiva,Automatic,JPMorgan Chase","Apcera,Synadia,Workiva,Automatic,JPMorgan Chase,Source{d},Red Hat,Namely,SUSE/Novell,KVH","Apcera,Synadia,Workiva,Automatic,JPMorgan Chase,Source{d},Red Hat,Namely,SUSE/Novell,KVH,EasyStack,Media iQ Digital,Tink,Fairfax Media,Bitnami","Apcera,Synadia,Workiva,Automatic,JPMorgan Chase,Source{d},Red Hat,Namely,SUSE/Novell,KVH,EasyStack,Media iQ Digital,Tink,Fairfax Media,Bitnami,Ubiwhere,HTC,Zenly,Huawei,Pivotal","Apcera,Synadia,Workiva,Automatic,JPMorgan Chase,Source{d},Red Hat,Namely,SUSE/Novell,KVH,EasyStack,Media iQ Digital,Tink,Fairfax Media,Bitnami,Ubiwhere,HTC,Zenly,Huawei,Pivotal,IBM,SAP,Active Shadow,Cisco,Cloud Dynamics","Apcera,Synadia,Workiva,Automatic,JPMorgan Chase,Source{d},Red Hat,Namely,SUSE/Novell,KVH,EasyStack,Media iQ Digital,Tink,Fairfax Media,Bitnami,Ubiwhere,HTC,Zenly,Huawei,Pivotal,IBM,SAP,Active Shadow,Cisco,Cloud Dynamics,CNAMTS,CNCF,Dell,Ericsson,Google","Apcera,Synadia,Workiva,Automatic,JPMorgan Chase,Source{d},Red Hat,Namely,SUSE/Novell,KVH,EasyStack,Media iQ Digital,Tink,Fairfax Media,Bitnami,Ubiwhere,HTC,Zenly,Huawei,Pivotal,IBM,SAP,Active Shadow,Cisco,Cloud Dynamics,CNAMTS,CNCF,Dell,Ericsson,Google,HPE,WP Engine,Weaveworks,Wargaming.net,IEEE Computer Society,Infoxchange,Netlify,Netroby,Robert Koch-institut","Apcera,Synadia,Workiva,Automatic,JPMorgan Chase,Source{d},Red Hat,Namely,SUSE/Novell,KVH,EasyStack,Media iQ Digital,Tink,Fairfax Media,Bitnami,Ubiwhere,HTC,Zenly,Huawei,Pivotal,IBM,SAP,Active Shadow,Cisco,Cloud Dynamics,CNAMTS,CNCF,Dell,Ericsson,Google,HPE,WP Engine,Weaveworks,Wargaming.net,IEEE Computer Society,Infoxchange,Netlify,Netroby,Robert Koch-institut","Apcera,Synadia,Workiva,Automatic,JPMorgan Chase,Source{d},Red Hat,Namely,SUSE/Novell,KVH,EasyStack,Media iQ Digital,Tink,Fairfax Media,Bitnami,Ubiwhere,HTC,Zenly,Huawei,Pivotal,IBM,SAP,Active Shadow,Cisco,Cloud Dynamics,CNAMTS,CNCF,Dell,Ericsson,Google,HPE,WP Engine,Weaveworks,Wargaming.net,IEEE Computer Society,Infoxchange,Netlify,Netroby,Robert Koch-institut","Apcera,Synadia,Workiva,Automatic,JPMorgan Chase,Source{d},Red Hat,Namely,SUSE/Novell,KVH,EasyStack,Media iQ Digital,Tink,Fairfax Media,Bitnami,Ubiwhere,HTC,Zenly,Huawei,Pivotal,IBM,SAP,Active Shadow,Cisco,Cloud Dynamics,CNAMTS,CNCF,Dell,Ericsson,Google,HPE,WP Engine,Weaveworks,Wargaming.net,IEEE Computer Society,Infoxchange,Netlify,Netroby,Robert Koch-institut","Apcera,Synadia,Workiva,Automatic,JPMorgan Chase,Source{d},Red Hat,Namely,SUSE/Novell,KVH,EasyStack,Media iQ Digital,Tink,Fairfax Media,Bitnami,Ubiwhere,HTC,Zenly,Huawei,Pivotal,IBM,SAP,Active Shadow,Cisco,Cloud Dynamics,CNAMTS,CNCF,Dell,Ericsson,Google,HPE,WP Engine,Weaveworks,Wargaming.net,IEEE Computer Society,Infoxchange,Netlify,Netroby,Robert Koch-institut"
Since joining CNCF,3/15/2018,4/17/2018,Synadia,"Synadia,Apcera","Synadia,Apcera,CNCF","Synadia,Apcera,CNCF,Workiva","Synadia,Apcera,CNCF,Workiva,Rev.com","Synadia,Apcera,CNCF,Workiva,Rev.com","Synadia,Apcera,CNCF,Workiva,Rev.com","Synadia,Apcera,CNCF,Workiva,Rev.com","Synadia,Apcera,CNCF,Workiva,Rev.com","Synadia,Apcera,CNCF,Workiva,Rev.com","Synadia,Apcera,CNCF,Workiva,Rev.com","Synadia,Apcera,CNCF,Workiva,Rev.com","Synadia,Apcera,CNCF,Workiva,Rev.com","Synadia,Apcera,CNCF,Workiva,Rev.com","Synadia,Apcera,CNCF,Workiva,Rev.com"
2014,1/2/2014,1/1/2015,Apcera,"Apcera,JPMorgan Chase","Apcera,JPMorgan Chase,Automatic","Apcera,JPMorgan Chase,Automatic,Source{d}","Apcera,JPMorgan Chase,Automatic,Source{d},Workiva","Apcera,JPMorgan Chase,Automatic,Source{d},Workiva,SUSE/Novell,Pivotal,IBM","Apcera,JPMorgan Chase,Automatic,Source{d},Workiva,SUSE/Novell,Pivotal,IBM","Apcera,JPMorgan Chase,Automatic,Source{d},Workiva,SUSE/Novell,Pivotal,IBM","Apcera,JPMorgan Chase,Automatic,Source{d},Workiva,SUSE/Novell,Pivotal,IBM","Apcera,JPMorgan Chase,Automatic,Source{d},Workiva,SUSE/Novell,Pivotal,IBM","Apcera,JPMorgan Chase,Automatic,Source{d},Workiva,SUSE/Novell,Pivotal,IBM","Apcera,JPMorgan Chase,Automatic,Source{d},Workiva,SUSE/Novell,Pivotal,IBM","Apcera,JPMorgan Chase,Automatic,Source{d},Workiva,SUSE/Novell,Pivotal,IBM","Apcera,JPMorgan Chase,Automatic,Source{d},Workiva,SUSE/Novell,Pivotal,IBM","Apcera,JPMorgan Chase,Automatic,Source{d},Workiva,SUSE/Novell,Pivotal,IBM"
2015,1/1/2015,1/1/2016,Apcera,"Apcera,Synadia","Apcera,Synadia,Automatic","Apcera,Synadia,Automatic,KVH","Apcera,Synadia,Automatic,KVH,Huawei","Apcera,Synadia,Automatic,KVH,Huawei,JPMorgan Chase,Workiva,Wargaming.net,Red Hat,HTC","Apcera,Synadia,Automatic,KVH,Huawei,JPMorgan Chase,Workiva,Wargaming.net,Red Hat,HTC,Dell","Apcera,Synadia,Automatic,KVH,Huawei,JPMorgan Chase,Workiva,Wargaming.net,Red Hat,HTC,Dell","Apcera,Synadia,Automatic,KVH,Huawei,JPMorgan Chase,Workiva,Wargaming.net,Red Hat,HTC,Dell","Apcera,Synadia,Automatic,KVH,Huawei,JPMorgan Chase,Workiva,Wargaming.net,Red Hat,HTC,Dell","Apcera,Synadia,Automatic,KVH,Huawei,JPMorgan Chase,Workiva,Wargaming.net,Red Hat,HTC,Dell","Apcera,Synadia,Automatic,KVH,Huawei,JPMorgan Chase,Workiva,Wargaming.net,Red Hat,HTC,Dell","Apcera,Synadia,Automatic,KVH,Huawei,JPMorgan Chase,Workiva,Wargaming.net,Red Hat,HTC,Dell","Apcera,Synadia,Automatic,KVH,Huawei,JPMorgan Chase,Workiva,Wargaming.net,Red Hat,HTC,Dell","Apcera,Synadia,Automatic,KVH,Huawei,JPMorgan Chase,Workiva,Wargaming.net,Red Hat,HTC,Dell"
2016,1/1/2016,1/1/2017,Apcera,"Apcera,Synadia","Apcera,Synadia,Workiva","Apcera,Synadia,Workiva,EasyStack","Apcera,Synadia,Workiva,EasyStack,Fairfax Media","Apcera,Synadia,Workiva,EasyStack,Fairfax Media,Red Hat,JPMorgan Chase,Tink,Zenly,WP Engine","Apcera,Synadia,Workiva,EasyStack,Fairfax Media,Red Hat,JPMorgan Chase,Tink,Zenly,WP Engine,Weaveworks,HTC,Cloud Dynamics,CNCF,Google","Apcera,Synadia,Workiva,EasyStack,Fairfax Media,Red Hat,JPMorgan Chase,Tink,Zenly,WP Engine,Weaveworks,HTC,Cloud Dynamics,CNCF,Google,Netlify,HPE,Robert Koch-institut,Netroby","Apcera,Synadia,Workiva,EasyStack,Fairfax Media,Red Hat,JPMorgan Chase,Tink,Zenly,WP Engine,Weaveworks,HTC,Cloud Dynamics,CNCF,Google,Netlify,HPE,Robert Koch-institut,Netroby","Apcera,Synadia,Workiva,EasyStack,Fairfax Media,Red Hat,JPMorgan Chase,Tink,Zenly,WP Engine,Weaveworks,HTC,Cloud Dynamics,CNCF,Google,Netlify,HPE,Robert Koch-institut,Netroby","Apcera,Synadia,Workiva,EasyStack,Fairfax Media,Red Hat,JPMorgan Chase,Tink,Zenly,WP Engine,Weaveworks,HTC,Cloud Dynamics,CNCF,Google,Netlify,HPE,Robert Koch-institut,Netroby","Apcera,Synadia,Workiva,EasyStack,Fairfax Media,Red Hat,JPMorgan Chase,Tink,Zenly,WP Engine,Weaveworks,HTC,Cloud Dynamics,CNCF,Google,Netlify,HPE,Robert Koch-institut,Netroby","Apcera,Synadia,Workiva,EasyStack,Fairfax Media,Red Hat,JPMorgan Chase,Tink,Zenly,WP Engine,Weaveworks,HTC,Cloud Dynamics,CNCF,Google,Netlify,HPE,Robert Koch-institut,Netroby","Apcera,Synadia,Workiva,EasyStack,Fairfax Media,Red Hat,JPMorgan Chase,Tink,Zenly,WP Engine,Weaveworks,HTC,Cloud Dynamics,CNCF,Google,Netlify,HPE,Robert Koch-institut,Netroby","Apcera,Synadia,Workiva,EasyStack,Fairfax Media,Red Hat,JPMorgan Chase,Tink,Zenly,WP Engine,Weaveworks,HTC,Cloud Dynamics,CNCF,Google,Netlify,HPE,Robert Koch-institut,Netroby"
2017,1/1/2017,1/1/2018,Synadia,"Synadia,Apcera","Synadia,Apcera,Workiva","Synadia,Apcera,Workiva,Namely","Synadia,Apcera,Workiva,Namely,Media iQ Digital","Synadia,Apcera,Workiva,Namely,Media iQ Digital,SUSE/Novell,Bitnami,Infoxchange,Zenly,Ubiwhere","Synadia,Apcera,Workiva,Namely,Media iQ Digital,SUSE/Novell,Bitnami,Infoxchange,Zenly,Ubiwhere,Red Hat,IEEE Computer Society,Ericsson,CNAMTS,Cisco","Synadia,Apcera,Workiva,Namely,Media iQ Digital,SUSE/Novell,Bitnami,Infoxchange,Zenly,Ubiwhere,Red Hat,IEEE Computer Society,Ericsson,CNAMTS,Cisco","Synadia,Apcera,Workiva,Namely,Media iQ Digital,SUSE/Novell,Bitnami,Infoxchange,Zenly,Ubiwhere,Red Hat,IEEE Computer Society,Ericsson,CNAMTS,Cisco","Synadia,Apcera,Workiva,Namely,Media iQ Digital,SUSE/Novell,Bitnami,Infoxchange,Zenly,Ubiwhere,Red Hat,IEEE Computer Society,Ericsson,CNAMTS,Cisco","Synadia,Apcera,Workiva,Namely,Media iQ Digital,SUSE/Novell,Bitnami,Infoxchange,Zenly,Ubiwhere,Red Hat,IEEE Computer Society,Ericsson,CNAMTS,Cisco","Synadia,Apcera,Workiva,Namely,Media iQ Digital,SUSE/Novell,Bitnami,Infoxchange,Zenly,Ubiwhere,Red Hat,IEEE Computer Society,Ericsson,CNAMTS,Cisco","Synadia,Apcera,Workiva,Namely,Media iQ Digital,SUSE/Novell,Bitnami,Infoxchange,Zenly,Ubiwhere,Red Hat,IEEE Computer Society,Ericsson,CNAMTS,Cisco","Synadia,Apcera,Workiva,Namely,Media iQ Digital,SUSE/Novell,Bitnami,Infoxchange,Zenly,Ubiwhere,Red Hat,IEEE Computer Society,Ericsson,CNAMTS,Cisco","Synadia,Apcera,Workiva,Namely,Media iQ Digital,SUSE/Novell,Bitnami,Infoxchange,Zenly,Ubiwhere,Red Hat,IEEE Computer Society,Ericsson,CNAMTS,Cisco"
2018,1/1/2018,4/17/2018,Synadia,"Synadia,Apcera","Synadia,Apcera,CNCF","Synadia,Apcera,CNCF,Workiva","Synadia,Apcera,CNCF,Workiva,Rev.com","Synadia,Apcera,CNCF,Workiva,Rev.com,IBM,Active Shadow,SAP,Ubiwhere","Synadia,Apcera,CNCF,Workiva,Rev.com,IBM,Active Shadow,SAP,Ubiwhere","Synadia,Apcera,CNCF,Workiva,Rev.com,IBM,Active Shadow,SAP,Ubiwhere","Synadia,Apcera,CNCF,Workiva,Rev.com,IBM,Active Shadow,SAP,Ubiwhere","Synadia,Apcera,CNCF,Workiva,Rev.com,IBM,Active Shadow,SAP,Ubiwhere","Synadia,Apcera,CNCF,Workiva,Rev.com,IBM,Active Shadow,SAP,Ubiwhere","Synadia,Apcera,CNCF,Workiva,Rev.com,IBM,Active Shadow,SAP,Ubiwhere","Synadia,Apcera,CNCF,Workiva,Rev.com,IBM,Active Shadow,SAP,Ubiwhere","Synadia,Apcera,CNCF,Workiva,Rev.com,IBM,Active Shadow,SAP,Ubiwhere","Synadia,Apcera,CNCF,Workiva,Rev.com,IBM,Active Shadow,SAP,Ubiwhere"
01/2014,1/1/2014,2/1/2014,Apcera,Apcera,Apcera,Apcera,Apcera,Apcera,Apcera,Apcera,Apcera,Apcera,Apcera,Apcera,Apcera,Apcera,Apcera
02/2014,2/1/2014,3/1/2014,Apcera,Apcera,Apcera,Apcera,Apcera,Apcera,Apcera,Apcera,Apcera,Apcera,Apcera,Apcera,Apcera,Apcera,Apcera
03/2014,3/1/2014,4/1/2014,Apcera,Apcera,Apcera,Apcera,Apcera,Apcera,Apcera,Apcera,Apcera,Apcera,Apcera,Apcera,Apcera,Apcera,Apcera
04/2014,4/1/2014,5/1/2014,Apcera,"Apcera,Pivotal","Apcera,Pivotal","Apcera,Pivotal","Apcera,Pivotal","Apcera,Pivotal","Apcera,Pivotal","Apcera,Pivotal","Apcera,Pivotal","Apcera,Pivotal","Apcera,Pivotal","Apcera,Pivotal","Apcera,Pivotal","Apcera,Pivotal","Apcera,Pivotal"
05/2014,5/1/2014,6/1/2014,Apcera,Apcera,Apcera,Apcera,Apcera,Apcera,Apcera,Apcera,Apcera,Apcera,Apcera,Apcera,Apcera,Apcera,Apcera
06/2014,6/1/2014,7/1/2014,Apcera,Apcera,Apcera,Apcera,Apcera,Apcera,Apcera,Apcera,Apcera,Apcera,Apcera,Apcera,Apcera,Apcera,Apcera
07/2014,7/1/2014,8/1/2014,Apcera,"Apcera,Automatic","Apcera,Automatic,Workiva","Apcera,Automatic,Workiva,IBM","Apcera,Automatic,Workiva,IBM","Apcera,Automatic,Workiva,IBM","Apcera,Automatic,Workiva,IBM","Apcera,Automatic,Workiva,IBM","Apcera,Automatic,Workiva,IBM","Apcera,Automatic,Workiva,IBM","Apcera,Automatic,Workiva,IBM","Apcera,Automatic,Workiva,IBM","Apcera,Automatic,Workiva,IBM","Apcera,Automatic,Workiva,IBM","Apcera,Automatic,Workiva,IBM"
08/2014,8/1/2014,9/1/2014,Apcera,"Apcera,SUSE/Novell","Apcera,SUSE/Novell","Apcera,SUSE/Novell","Apcera,SUSE/Novell","Apcera,SUSE/Novell","Apcera,SUSE/Novell","Apcera,SUSE/Novell","Apcera,SUSE/Novell","Apcera,SUSE/Novell","Apcera,SUSE/Novell","Apcera,SUSE/Novell","Apcera,SUSE/Novell","Apcera,SUSE/Novell","Apcera,SUSE/Novell"
09/2014,9/1/2014,10/1/2014,Apcera,"Apcera,JPMorgan Chase","Apcera,JPMorgan Chase,Source{d}","Apcera,JPMorgan Chase,Source{d}","Apcera,JPMorgan Chase,Source{d}","Apcera,JPMorgan Chase,Source{d}","Apcera,JPMorgan Chase,Source{d}","Apcera,JPMorgan Chase,Source{d}","Apcera,JPMorgan Chase,Source{d}","Apcera,JPMorgan Chase,Source{d}","Apcera,JPMorgan Chase,Source{d}","Apcera,JPMorgan Chase,Source{d}","Apcera,JPMorgan Chase,Source{d}","Apcera,JPMorgan Chase,Source{d}","Apcera,JPMorgan Chase,Source{d}"
10/2014,10/1/2014,11/1/2014,Apcera,"Apcera,Source{d}","Apcera,Source{d},JPMorgan Chase","Apcera,Source{d},JPMorgan Chase,Automatic","Apcera,Source{d},JPMorgan Chase,Automatic","Apcera,Source{d},JPMorgan Chase,Automatic","Apcera,Source{d},JPMorgan Chase,Automatic","Apcera,Source{d},JPMorgan Chase,Automatic","Apcera,Source{d},JPMorgan Chase,Automatic","Apcera,Source{d},JPMorgan Chase,Automatic","Apcera,Source{d},JPMorgan Chase,Automatic","Apcera,Source{d},JPMorgan Chase,Automatic","Apcera,Source{d},JPMorgan Chase,Automatic","Apcera,Source{d},JPMorgan Chase,Automatic","Apcera,Source{d},JPMorgan Chase,Automatic"
11/2014,11/1/2014,12/1/2014,Apcera,"Apcera,JPMorgan Chase","Apcera,JPMorgan Chase,Automatic","Apcera,JPMorgan Chase,Automatic,Source{d}","Apcera,JPMorgan Chase,Automatic,Source{d}","Apcera,JPMorgan Chase,Automatic,Source{d}","Apcera,JPMorgan Chase,Automatic,Source{d}","Apcera,JPMorgan Chase,Automatic,Source{d}","Apcera,JPMorgan Chase,Automatic,Source{d}","Apcera,JPMorgan Chase,Automatic,Source{d}","Apcera,JPMorgan Chase,Automatic,Source{d}","Apcera,JPMorgan Chase,Automatic,Source{d}","Apcera,JPMorgan Chase,Automatic,Source{d}","Apcera,JPMorgan Chase,Automatic,Source{d}","Apcera,JPMorgan Chase,Automatic,Source{d}"
12/2014,12/1/2014,1/1/2015,Apcera,Apcera,Apcera,Apcera,Apcera,Apcera,Apcera,Apcera,Apcera,Apcera,Apcera,Apcera,Apcera,Apcera,Apcera
01/2015,1/1/2015,2/1/2015,Apcera,Apcera,Apcera,Apcera,Apcera,Apcera,Apcera,Apcera,Apcera,Apcera,Apcera,Apcera,Apcera,Apcera,Apcera
02/2015,2/1/2015,3/1/2015,Apcera,"Apcera,Automatic","Apcera,Automatic","Apcera,Automatic","Apcera,Automatic","Apcera,Automatic","Apcera,Automatic","Apcera,Automatic","Apcera,Automatic","Apcera,Automatic","Apcera,Automatic","Apcera,Automatic","Apcera,Automatic","Apcera,Automatic","Apcera,Automatic"
03/2015,3/1/2015,4/1/2015,Apcera,"Apcera,HTC","Apcera,HTC","Apcera,HTC","Apcera,HTC","Apcera,HTC","Apcera,HTC","Apcera,HTC","Apcera,HTC","Apcera,HTC","Apcera,HTC","Apcera,HTC","Apcera,HTC","Apcera,HTC","Apcera,HTC"
04/2015,4/1/2015,5/1/2015,Apcera,Apcera,Apcera,Apcera,Apcera,Apcera,Apcera,Apcera,Apcera,Apcera,Apcera,Apcera,Apcera,Apcera,Apcera
05/2015,5/1/2015,6/1/2015,Automatic,"Automatic,Apcera","Automatic,Apcera","Automatic,Apcera","Automatic,Apcera","Automatic,Apcera","Automatic,Apcera","Automatic,Apcera","Automatic,Apcera","Automatic,Apcera","Automatic,Apcera","Automatic,Apcera","Automatic,Apcera","Automatic,Apcera","Automatic,Apcera"
06/2015,6/1/2015,7/1/2015,Apcera,"Apcera,Synadia","Apcera,Synadia,Workiva","Apcera,Synadia,Workiva","Apcera,Synadia,Workiva","Apcera,Synadia,Workiva","Apcera,Synadia,Workiva","Apcera,Synadia,Workiva","Apcera,Synadia,Workiva","Apcera,Synadia,Workiva","Apcera,Synadia,Workiva","Apcera,Synadia,Workiva","Apcera,Synadia,Workiva","Apcera,Synadia,Workiva","Apcera,Synadia,Workiva"
07/2015,7/1/2015,8/1/2015,Apcera,"Apcera,Synadia","Apcera,Synadia,JPMorgan Chase","Apcera,Synadia,JPMorgan Chase,Wargaming.net","Apcera,Synadia,JPMorgan Chase,Wargaming.net","Apcera,Synadia,JPMorgan Chase,Wargaming.net","Apcera,Synadia,JPMorgan Chase,Wargaming.net","Apcera,Synadia,JPMorgan Chase,Wargaming.net","Apcera,Synadia,JPMorgan Chase,Wargaming.net","Apcera,Synadia,JPMorgan Chase,Wargaming.net","Apcera,Synadia,JPMorgan Chase,Wargaming.net","Apcera,Synadia,JPMorgan Chase,Wargaming.net","Apcera,Synadia,JPMorgan Chase,Wargaming.net","Apcera,Synadia,JPMorgan Chase,Wargaming.net","Apcera,Synadia,JPMorgan Chase,Wargaming.net"
08/2015,8/1/2015,9/1/2015,Apcera,"Apcera,Synadia","Apcera,Synadia,Dell","Apcera,Synadia,Dell","Apcera,Synadia,Dell","Apcera,Synadia,Dell","Apcera,Synadia,Dell","Apcera,Synadia,Dell","Apcera,Synadia,Dell","Apcera,Synadia,Dell","Apcera,Synadia,Dell","Apcera,Synadia,Dell","Apcera,Synadia,Dell","Apcera,Synadia,Dell","Apcera,Synadia,Dell"
09/2015,9/1/2015,10/1/2015,Apcera,"Apcera,Synadia","Apcera,Synadia","Apcera,Synadia","Apcera,Synadia","Apcera,Synadia","Apcera,Synadia","Apcera,Synadia","Apcera,Synadia","Apcera,Synadia","Apcera,Synadia","Apcera,Synadia","Apcera,Synadia","Apcera,Synadia","Apcera,Synadia"
10/2015,10/1/2015,11/1/2015,Apcera,"Apcera,Synadia","Apcera,Synadia,KVH","Apcera,Synadia,KVH","Apcera,Synadia,KVH","Apcera,Synadia,KVH","Apcera,Synadia,KVH","Apcera,Synadia,KVH","Apcera,Synadia,KVH","Apcera,Synadia,KVH","Apcera,Synadia,KVH","Apcera,Synadia,KVH","Apcera,Synadia,KVH","Apcera,Synadia,KVH","Apcera,Synadia,KVH"
11/2015,11/1/2015,12/1/2015,Apcera,"Apcera,Synadia","Apcera,Synadia,Huawei","Apcera,Synadia,Huawei,Red Hat","Apcera,Synadia,Huawei,Red Hat","Apcera,Synadia,Huawei,Red Hat","Apcera,Synadia,Huawei,Red Hat","Apcera,Synadia,Huawei,Red Hat","Apcera,Synadia,Huawei,Red Hat","Apcera,Synadia,Huawei,Red Hat","Apcera,Synadia,Huawei,Red Hat","Apcera,Synadia,Huawei,Red Hat","Apcera,Synadia,Huawei,Red Hat","Apcera,Synadia,Huawei,Red Hat","Apcera,Synadia,Huawei,Red Hat"
12/2015,12/1/2015,1/1/2016,Apcera,"Apcera,Synadia","Apcera,Synadia,Workiva","Apcera,Synadia,Workiva,Huawei","Apcera,Synadia,Workiva,Huawei","Apcera,Synadia,Workiva,Huawei","Apcera,Synadia,Workiva,Huawei","Apcera,Synadia,Workiva,Huawei","Apcera,Synadia,Workiva,Huawei","Apcera,Synadia,Workiva,Huawei","Apcera,Synadia,Workiva,Huawei","Apcera,Synadia,Workiva,Huawei","Apcera,Synadia,Workiva,Huawei","Apcera,Synadia,Workiva,Huawei","Apcera,Synadia,Workiva,Huawei"
01/2016,1/1/2016,2/1/2016,Apcera,"Apcera,Synadia","Apcera,Synadia,Fairfax Media","Apcera,Synadia,Fairfax Media,Workiva","Apcera,Synadia,Fairfax Media,Workiva,Red Hat","Apcera,Synadia,Fairfax Media,Workiva,Red Hat,Netroby","Apcera,Synadia,Fairfax Media,Workiva,Red Hat,Netroby","Apcera,Synadia,Fairfax Media,Workiva,Red Hat,Netroby","Apcera,Synadia,Fairfax Media,Workiva,Red Hat,Netroby","Apcera,Synadia,Fairfax Media,Workiva,Red Hat,Netroby","Apcera,Synadia,Fairfax Media,Workiva,Red Hat,Netroby","Apcera,Synadia,Fairfax Media,Workiva,Red Hat,Netroby","Apcera,Synadia,Fairfax Media,Workiva,Red Hat,Netroby","Apcera,Synadia,Fairfax Media,Workiva,Red Hat,Netroby","Apcera,Synadia,Fairfax Media,Workiva,Red Hat,Netroby"
02/2016,2/1/2016,3/1/2016,Apcera,"Apcera,Synadia","Apcera,Synadia,Cloud Dynamics","Apcera,Synadia,Cloud Dynamics,JPMorgan Chase","Apcera,Synadia,Cloud Dynamics,JPMorgan Chase","Apcera,Synadia,Cloud Dynamics,JPMorgan Chase","Apcera,Synadia,Cloud Dynamics,JPMorgan Chase","Apcera,Synadia,Cloud Dynamics,JPMorgan Chase","Apcera,Synadia,Cloud Dynamics,JPMorgan Chase","Apcera,Synadia,Cloud Dynamics,JPMorgan Chase","Apcera,Synadia,Cloud Dynamics,JPMorgan Chase","Apcera,Synadia,Cloud Dynamics,JPMorgan Chase","Apcera,Synadia,Cloud Dynamics,JPMorgan Chase","Apcera,Synadia,Cloud Dynamics,JPMorgan Chase","Apcera,Synadia,Cloud Dynamics,JPMorgan Chase"
03/2016,3/1/2016,4/1/2016,Apcera,"Apcera,Synadia","Apcera,Synadia,JPMorgan Chase","Apcera,Synadia,JPMorgan Chase","Apcera,Synadia,JPMorgan Chase","Apcera,Synadia,JPMorgan Chase","Apcera,Synadia,JPMorgan Chase","Apcera,Synadia,JPMorgan Chase","Apcera,Synadia,JPMorgan Chase","Apcera,Synadia,JPMorgan Chase","Apcera,Synadia,JPMorgan Chase","Apcera,Synadia,JPMorgan Chase","Apcera,Synadia,JPMorgan Chase","Apcera,Synadia,JPMorgan Chase","Apcera,Synadia,JPMorgan Chase"
04/2016,4/1/2016,5/1/2016,Apcera,"Apcera,Synadia","Apcera,Synadia","Apcera,Synadia","Apcera,Synadia","Apcera,Synadia","Apcera,Synadia","Apcera,Synadia","Apcera,Synadia","Apcera,Synadia","Apcera,Synadia","Apcera,Synadia","Apcera,Synadia","Apcera,Synadia","Apcera,Synadia"
05/2016,5/1/2016,6/1/2016,Apcera,"Apcera,Synadia","Apcera,Synadia,Workiva","Apcera,Synadia,Workiva,Zenly","Apcera,Synadia,Workiva,Zenly","Apcera,Synadia,Workiva,Zenly","Apcera,Synadia,Workiva,Zenly","Apcera,Synadia,Workiva,Zenly","Apcera,Synadia,Workiva,Zenly","Apcera,Synadia,Workiva,Zenly","Apcera,Synadia,Workiva,Zenly","Apcera,Synadia,Workiva,Zenly","Apcera,Synadia,Workiva,Zenly","Apcera,Synadia,Workiva,Zenly","Apcera,Synadia,Workiva,Zenly"
06/2016,6/1/2016,7/1/2016,Apcera,"Apcera,Synadia","Apcera,Synadia,Workiva","Apcera,Synadia,Workiva,Weaveworks","Apcera,Synadia,Workiva,Weaveworks,Robert Koch-institut","Apcera,Synadia,Workiva,Weaveworks,Robert Koch-institut","Apcera,Synadia,Workiva,Weaveworks,Robert Koch-institut","Apcera,Synadia,Workiva,Weaveworks,Robert Koch-institut","Apcera,Synadia,Workiva,Weaveworks,Robert Koch-institut","Apcera,Synadia,Workiva,Weaveworks,Robert Koch-institut","Apcera,Synadia,Workiva,Weaveworks,Robert Koch-institut","Apcera,Synadia,Workiva,Weaveworks,Robert Koch-institut","Apcera,Synadia,Workiva,Weaveworks,Robert Koch-institut","Apcera,Synadia,Workiva,Weaveworks,Robert Koch-institut","Apcera,Synadia,Workiva,Weaveworks,Robert Koch-institut"
07/2016,7/1/2016,8/1/2016,Synadia,"Synadia,Apcera","Synadia,Apcera,Workiva","Synadia,Apcera,Workiva,Red Hat","Synadia,Apcera,Workiva,Red Hat,Google","Synadia,Apcera,Workiva,Red Hat,Google,JPMorgan Chase","Synadia,Apcera,Workiva,Red Hat,Google,JPMorgan Chase","Synadia,Apcera,Workiva,Red Hat,Google,JPMorgan Chase","Synadia,Apcera,Workiva,Red Hat,Google,JPMorgan Chase","Synadia,Apcera,Workiva,Red Hat,Google,JPMorgan Chase","Synadia,Apcera,Workiva,Red Hat,Google,JPMorgan Chase","Synadia,Apcera,Workiva,Red Hat,Google,JPMorgan Chase","Synadia,Apcera,Workiva,Red Hat,Google,JPMorgan Chase","Synadia,Apcera,Workiva,Red Hat,Google,JPMorgan Chase","Synadia,Apcera,Workiva,Red Hat,Google,JPMorgan Chase"
08/2016,8/1/2016,9/1/2016,Apcera,"Apcera,Synadia","Apcera,Synadia,WP Engine","Apcera,Synadia,WP Engine,Red Hat","Apcera,Synadia,WP Engine,Red Hat,EasyStack","Apcera,Synadia,WP Engine,Red Hat,EasyStack","Apcera,Synadia,WP Engine,Red Hat,EasyStack","Apcera,Synadia,WP Engine,Red Hat,EasyStack","Apcera,Synadia,WP Engine,Red Hat,EasyStack","Apcera,Synadia,WP Engine,Red Hat,EasyStack","Apcera,Synadia,WP Engine,Red Hat,EasyStack","Apcera,Synadia,WP Engine,Red Hat,EasyStack","Apcera,Synadia,WP Engine,Red Hat,EasyStack","Apcera,Synadia,WP Engine,Red Hat,EasyStack","Apcera,Synadia,WP Engine,Red Hat,EasyStack"
09/2016,9/1/2016,10/1/2016,Apcera,"Apcera,Synadia","Apcera,Synadia,Workiva","Apcera,Synadia,Workiva,HPE","Apcera,Synadia,Workiva,HPE","Apcera,Synadia,Workiva,HPE","Apcera,Synadia,Workiva,HPE","Apcera,Synadia,Workiva,HPE","Apcera,Synadia,Workiva,HPE","Apcera,Synadia,Workiva,HPE","Apcera,Synadia,Workiva,HPE","Apcera,Synadia,Workiva,HPE","Apcera,Synadia,Workiva,HPE","Apcera,Synadia,Workiva,HPE","Apcera,Synadia,Workiva,HPE"
10/2016,10/1/2016,11/1/2016,Apcera,"Apcera,Synadia","Apcera,Synadia,CNCF","Apcera,Synadia,CNCF","Apcera,Synadia,CNCF","Apcera,Synadia,CNCF","Apcera,Synadia,CNCF","Apcera,Synadia,CNCF","Apcera,Synadia,CNCF","Apcera,Synadia,CNCF","Apcera,Synadia,CNCF","Apcera,Synadia,CNCF","Apcera,Synadia,CNCF","Apcera,Synadia,CNCF","Apcera,Synadia,CNCF"
11/2016,11/1/2016,12/1/2016,Apcera,"Apcera,Synadia","Apcera,Synadia","Apcera,Synadia","Apcera,Synadia","Apcera,Synadia","Apcera,Synadia","Apcera,Synadia","Apcera,Synadia","Apcera,Synadia","Apcera,Synadia","Apcera,Synadia","Apcera,Synadia","Apcera,Synadia","Apcera,Synadia"
12/2016,12/1/2016,1/1/2017,Synadia,"Synadia,Apcera","Synadia,Apcera,EasyStack","Synadia,Apcera,EasyStack,Tink","Synadia,Apcera,EasyStack,Tink,HTC","Synadia,Apcera,EasyStack,Tink,HTC,Netlify","Synadia,Apcera,EasyStack,Tink,HTC,Netlify","Synadia,Apcera,EasyStack,Tink,HTC,Netlify","Synadia,Apcera,EasyStack,Tink,HTC,Netlify","Synadia,Apcera,EasyStack,Tink,HTC,Netlify","Synadia,Apcera,EasyStack,Tink,HTC,Netlify","Synadia,Apcera,EasyStack,Tink,HTC,Netlify","Synadia,Apcera,EasyStack,Tink,HTC,Netlify","Synadia,Apcera,EasyStack,Tink,HTC,Netlify","Synadia,Apcera,EasyStack,Tink,HTC,Netlify"
01/2017,1/1/2017,2/1/2017,Synadia,"Synadia,Apcera","Synadia,Apcera,Ericsson","Synadia,Apcera,Ericsson","Synadia,Apcera,Ericsson","Synadia,Apcera,Ericsson","Synadia,Apcera,Ericsson","Synadia,Apcera,Ericsson","Synadia,Apcera,Ericsson","Synadia,Apcera,Ericsson","Synadia,Apcera,Ericsson","Synadia,Apcera,Ericsson","Synadia,Apcera,Ericsson","Synadia,Apcera,Ericsson","Synadia,Apcera,Ericsson"
02/2017,2/1/2017,3/1/2017,Apcera,"Apcera,Synadia","Apcera,Synadia,Zenly","Apcera,Synadia,Zenly","Apcera,Synadia,Zenly","Apcera,Synadia,Zenly","Apcera,Synadia,Zenly","Apcera,Synadia,Zenly","Apcera,Synadia,Zenly","Apcera,Synadia,Zenly","Apcera,Synadia,Zenly","Apcera,Synadia,Zenly","Apcera,Synadia,Zenly","Apcera,Synadia,Zenly","Apcera,Synadia,Zenly"
03/2017,3/1/2017,4/1/2017,Synadia,"Synadia,Apcera","Synadia,Apcera,Red Hat","Synadia,Apcera,Red Hat,CNAMTS","Synadia,Apcera,Red Hat,CNAMTS","Synadia,Apcera,Red Hat,CNAMTS","Synadia,Apcera,Red Hat,CNAMTS","Synadia,Apcera,Red Hat,CNAMTS","Synadia,Apcera,Red Hat,CNAMTS","Synadia,Apcera,Red Hat,CNAMTS","Synadia,Apcera,Red Hat,CNAMTS","Synadia,Apcera,Red Hat,CNAMTS","Synadia,Apcera,Red Hat,CNAMTS","Synadia,Apcera,Red Hat,CNAMTS","Synadia,Apcera,Red Hat,CNAMTS"
04/2017,4/1/2017,5/1/2017,Synadia,"Synadia,Apcera","Synadia,Apcera,SUSE/Novell","Synadia,Apcera,SUSE/Novell,Namely","Synadia,Apcera,SUSE/Novell,Namely","Synadia,Apcera,SUSE/Novell,Namely","Synadia,Apcera,SUSE/Novell,Namely","Synadia,Apcera,SUSE/Novell,Namely","Synadia,Apcera,SUSE/Novell,Namely","Synadia,Apcera,SUSE/Novell,Namely","Synadia,Apcera,SUSE/Novell,Namely","Synadia,Apcera,SUSE/Novell,Namely","Synadia,Apcera,SUSE/Novell,Namely","Synadia,Apcera,SUSE/Novell,Namely","Synadia,Apcera,SUSE/Novell,Namely"
05/2017,5/1/2017,6/1/2017,Synadia,"Synadia,Apcera","Synadia,Apcera,Workiva","Synadia,Apcera,Workiva","Synadia,Apcera,Workiva","Synadia,Apcera,Workiva","Synadia,Apcera,Workiva","Synadia,Apcera,Workiva","Synadia,Apcera,Workiva","Synadia,Apcera,Workiva","Synadia,Apcera,Workiva","Synadia,Apcera,Workiva","Synadia,Apcera,Workiva","Synadia,Apcera,Workiva","Synadia,Apcera,Workiva"
06/2017,6/1/2017,7/1/2017,Apcera,"Apcera,Workiva","Apcera,Workiva,Synadia","Apcera,Workiva,Synadia,Namely","Apcera,Workiva,Synadia,Namely","Apcera,Workiva,Synadia,Namely","Apcera,Workiva,Synadia,Namely","Apcera,Workiva,Synadia,Namely","Apcera,Workiva,Synadia,Namely","Apcera,Workiva,Synadia,Namely","Apcera,Workiva,Synadia,Namely","Apcera,Workiva,Synadia,Namely","Apcera,Workiva,Synadia,Namely","Apcera,Workiva,Synadia,Namely","Apcera,Workiva,Synadia,Namely"
07/2017,7/1/2017,8/1/2017,Synadia,"Synadia,Apcera","Synadia,Apcera,Workiva","Synadia,Apcera,Workiva,Bitnami","Synadia,Apcera,Workiva,Bitnami","Synadia,Apcera,Workiva,Bitnami","Synadia,Apcera,Workiva,Bitnami","Synadia,Apcera,Workiva,Bitnami","Synadia,Apcera,Workiva,Bitnami","Synadia,Apcera,Workiva,Bitnami","Synadia,Apcera,Workiva,Bitnami","Synadia,Apcera,Workiva,Bitnami","Synadia,Apcera,Workiva,Bitnami","Synadia,Apcera,Workiva,Bitnami","Synadia,Apcera,Workiva,Bitnami"
08/2017,8/1/2017,9/1/2017,Synadia,"Synadia,Apcera","Synadia,Apcera,Workiva","Synadia,Apcera,Workiva,Media iQ Digital","Synadia,Apcera,Workiva,Media iQ Digital","Synadia,Apcera,Workiva,Media iQ Digital","Synadia,Apcera,Workiva,Media iQ Digital","Synadia,Apcera,Workiva,Media iQ Digital","Synadia,Apcera,Workiva,Media iQ Digital","Synadia,Apcera,Workiva,Media iQ Digital","Synadia,Apcera,Workiva,Media iQ Digital","Synadia,Apcera,Workiva,Media iQ Digital","Synadia,Apcera,Workiva,Media iQ Digital","Synadia,Apcera,Workiva,Media iQ Digital","Synadia,Apcera,Workiva,Media iQ Digital"
09/2017,9/1/2017,10/1/2017,Synadia,"Synadia,Workiva","Synadia,Workiva,Apcera","Synadia,Workiva,Apcera,Infoxchange","Synadia,Workiva,Apcera,Infoxchange,Cisco","Synadia,Workiva,Apcera,Infoxchange,Cisco,IEEE Computer Society,Ubiwhere","Synadia,Workiva,Apcera,Infoxchange,Cisco,IEEE Computer Society,Ubiwhere","Synadia,Workiva,Apcera,Infoxchange,Cisco,IEEE Computer Society,Ubiwhere","Synadia,Workiva,Apcera,Infoxchange,Cisco,IEEE Computer Society,Ubiwhere","Synadia,Workiva,Apcera,Infoxchange,Cisco,IEEE Computer Society,Ubiwhere","Synadia,Workiva,Apcera,Infoxchange,Cisco,IEEE Computer Society,Ubiwhere","Synadia,Workiva,Apcera,Infoxchange,Cisco,IEEE Computer Society,Ubiwhere","Synadia,Workiva,Apcera,Infoxchange,Cisco,IEEE Computer Society,Ubiwhere","Synadia,Workiva,Apcera,Infoxchange,Cisco,IEEE Computer Society,Ubiwhere","Synadia,Workiva,Apcera,Infoxchange,Cisco,IEEE Computer Society,Ubiwhere"
10/2017,10/1/2017,11/1/2017,Synadia,"Synadia,Workiva","Synadia,Workiva,Apcera","Synadia,Workiva,Apcera","Synadia,Workiva,Apcera","Synadia,Workiva,Apcera","Synadia,Workiva,Apcera","Synadia,Workiva,Apcera","Synadia,Workiva,Apcera","Synadia,Workiva,Apcera","Synadia,Workiva,Apcera","Synadia,Workiva,Apcera","Synadia,Workiva,Apcera","Synadia,Workiva,Apcera","Synadia,Workiva,Apcera"
11/2017,11/1/2017,12/1/2017,Synadia,"Synadia,Workiva","Synadia,Workiva,Apcera","Synadia,Workiva,Apcera","Synadia,Workiva,Apcera","Synadia,Workiva,Apcera","Synadia,Workiva,Apcera","Synadia,Workiva,Apcera","Synadia,Workiva,Apcera","Synadia,Workiva,Apcera","Synadia,Workiva,Apcera","Synadia,Workiva,Apcera","Synadia,Workiva,Apcera","Synadia,Workiva,Apcera","Synadia,Workiva,Apcera"
12/2017,12/1/2017,1/1/2018,Synadia,"Synadia,Apcera","Synadia,Apcera,Workiva","Synadia,Apcera,Workiva","Synadia,Apcera,Workiva","Synadia,Apcera,Workiva","Synadia,Apcera,Workiva","Synadia,Apcera,Workiva","Synadia,Apcera,Workiva","Synadia,Apcera,Workiva","Synadia,Apcera,Workiva","Synadia,Apcera,Workiva","Synadia,Apcera,Workiva","Synadia,Apcera,Workiva","Synadia,Apcera,Workiva"
01/2018,1/1/2018,2/1/2018,Synadia,"Synadia,Apcera","Synadia,Apcera,SAP","Synadia,Apcera,SAP,IBM","Synadia,Apcera,SAP,IBM","Synadia,Apcera,SAP,IBM","Synadia,Apcera,SAP,IBM","Synadia,Apcera,SAP,IBM","Synadia,Apcera,SAP,IBM","Synadia,Apcera,SAP,IBM","Synadia,Apcera,SAP,IBM","Synadia,Apcera,SAP,IBM","Synadia,Apcera,SAP,IBM","Synadia,Apcera,SAP,IBM","Synadia,Apcera,SAP,IBM"
02/2018,2/1/2018,3/1/2018,Synadia,"Synadia,Apcera","Synadia,Apcera,Ubiwhere","Synadia,Apcera,Ubiwhere","Synadia,Apcera,Ubiwhere","Synadia,Apcera,Ubiwhere","Synadia,Apcera,Ubiwhere","Synadia,Apcera,Ubiwhere","Synadia,Apcera,Ubiwhere","Synadia,Apcera,Ubiwhere","Synadia,Apcera,Ubiwhere","Synadia,Apcera,Ubiwhere","Synadia,Apcera,Ubiwhere","Synadia,Apcera,Ubiwhere","Synadia,Apcera,Ubiwhere"
03/2018,3/1/2018,4/1/2018,Synadia,"Synadia,Apcera","Synadia,Apcera,CNCF","Synadia,Apcera,CNCF,Rev.com","Synadia,Apcera,CNCF,Rev.com,Active Shadow","Synadia,Apcera,CNCF,Rev.com,Active Shadow,Workiva","Synadia,Apcera,CNCF,Rev.com,Active Shadow,Workiva","Synadia,Apcera,CNCF,Rev.com,Active Shadow,Workiva","Synadia,Apcera,CNCF,Rev.com,Active Shadow,Workiva","Synadia,Apcera,CNCF,Rev.com,Active Shadow,Workiva","Synadia,Apcera,CNCF,Rev.com,Active Shadow,Workiva","Synadia,Apcera,CNCF,Rev.com,Active Shadow,Workiva","Synadia,Apcera,CNCF,Rev.com,Active Shadow,Workiva","Synadia,Apcera,CNCF,Rev.com,Active Shadow,Workiva","Synadia,Apcera,CNCF,Rev.com,Active Shadow,Workiva"
04/2018,4/1/2018,5/1/2018,Synadia,"Synadia,Apcera","Synadia,Apcera,Workiva","Synadia,Apcera,Workiva","Synadia,Apcera,Workiva","Synadia,Apcera,Workiva","Synadia,Apcera,Workiva","Synadia,Apcera,Workiva","Synadia,Apcera,Workiva","Synadia,Apcera,Workiva","Synadia,Apcera,Workiva","Synadia,Apcera,Workiva","Synadia,Apcera,Workiva","Synadia,Apcera,Workiva","Synadia,Apcera,Workiva"
Quarter from 01/2014,1/1/2014,4/1/2014,Apcera,Apcera,Apcera,Apcera,Apcera,Apcera,Apcera,Apcera,Apcera,Apcera,Apcera,Apcera,Apcera,Apcera,Apcera
Quarter from 04/2014,4/1/2014,7/1/2014,Apcera,"Apcera,Pivotal","Apcera,Pivotal","Apcera,Pivotal","Apcera,Pivotal","Apcera,Pivotal","Apcera,Pivotal","Apcera,Pivotal","Apcera,Pivotal","Apcera,Pivotal","Apcera,Pivotal","Apcera,Pivotal","Apcera,Pivotal","Apcera,Pivotal","Apcera,Pivotal"
Quarter from 07/2014,7/1/2014,10/1/2014,Apcera,"Apcera,Automatic","Apcera,Automatic,JPMorgan Chase","Apcera,Automatic,JPMorgan Chase,SUSE/Novell","Apcera,Automatic,JPMorgan Chase,SUSE/Novell,Workiva","Apcera,Automatic,JPMorgan Chase,SUSE/Novell,Workiva,IBM,Source{d}","Apcera,Automatic,JPMorgan Chase,SUSE/Novell,Workiva,IBM,Source{d}","Apcera,Automatic,JPMorgan Chase,SUSE/Novell,Workiva,IBM,Source{d}","Apcera,Automatic,JPMorgan Chase,SUSE/Novell,Workiva,IBM,Source{d}","Apcera,Automatic,JPMorgan Chase,SUSE/Novell,Workiva,IBM,Source{d}","Apcera,Automatic,JPMorgan Chase,SUSE/Novell,Workiva,IBM,Source{d}","Apcera,Automatic,JPMorgan Chase,SUSE/Novell,Workiva,IBM,Source{d}","Apcera,Automatic,JPMorgan Chase,SUSE/Novell,Workiva,IBM,Source{d}","Apcera,Automatic,JPMorgan Chase,SUSE/Novell,Workiva,IBM,Source{d}","Apcera,Automatic,JPMorgan Chase,SUSE/Novell,Workiva,IBM,Source{d}"
Quarter from 10/2014,10/1/2014,1/1/2015,Apcera,"Apcera,Source{d}","Apcera,Source{d},JPMorgan Chase","Apcera,Source{d},JPMorgan Chase,Automatic","Apcera,Source{d},JPMorgan Chase,Automatic","Apcera,Source{d},JPMorgan Chase,Automatic","Apcera,Source{d},JPMorgan Chase,Automatic","Apcera,Source{d},JPMorgan Chase,Automatic","Apcera,Source{d},JPMorgan Chase,Automatic","Apcera,Source{d},JPMorgan Chase,Automatic","Apcera,Source{d},JPMorgan Chase,Automatic","Apcera,Source{d},JPMorgan Chase,Automatic","Apcera,Source{d},JPMorgan Chase,Automatic","Apcera,Source{d},JPMorgan Chase,Automatic","Apcera,Source{d},JPMorgan Chase,Automatic"
Quarter from 01/2015,1/1/2015,4/1/2015,Apcera,"Apcera,Automatic","Apcera,Automatic,HTC","Apcera,Automatic,HTC","Apcera,Automatic,HTC","Apcera,Automatic,HTC","Apcera,Automatic,HTC","Apcera,Automatic,HTC","Apcera,Automatic,HTC","Apcera,Automatic,HTC","Apcera,Automatic,HTC","Apcera,Automatic,HTC","Apcera,Automatic,HTC","Apcera,Automatic,HTC","Apcera,Automatic,HTC"
Quarter from 04/2015,4/1/2015,7/1/2015,Apcera,"Apcera,Automatic","Apcera,Automatic,Synadia","Apcera,Automatic,Synadia,Workiva","Apcera,Automatic,Synadia,Workiva","Apcera,Automatic,Synadia,Workiva","Apcera,Automatic,Synadia,Workiva","Apcera,Automatic,Synadia,Workiva","Apcera,Automatic,Synadia,Workiva","Apcera,Automatic,Synadia,Workiva","Apcera,Automatic,Synadia,Workiva","Apcera,Automatic,Synadia,Workiva","Apcera,Automatic,Synadia,Workiva","Apcera,Automatic,Synadia,Workiva","Apcera,Automatic,Synadia,Workiva"
Quarter from 07/2015,7/1/2015,10/1/2015,Apcera,"Apcera,Synadia","Apcera,Synadia,JPMorgan Chase","Apcera,Synadia,JPMorgan Chase,Wargaming.net","Apcera,Synadia,JPMorgan Chase,Wargaming.net,Dell","Apcera,Synadia,JPMorgan Chase,Wargaming.net,Dell","Apcera,Synadia,JPMorgan Chase,Wargaming.net,Dell","Apcera,Synadia,JPMorgan Chase,Wargaming.net,Dell","Apcera,Synadia,JPMorgan Chase,Wargaming.net,Dell","Apcera,Synadia,JPMorgan Chase,Wargaming.net,Dell","Apcera,Synadia,JPMorgan Chase,Wargaming.net,Dell","Apcera,Synadia,JPMorgan Chase,Wargaming.net,Dell","Apcera,Synadia,JPMorgan Chase,Wargaming.net,Dell","Apcera,Synadia,JPMorgan Chase,Wargaming.net,Dell","Apcera,Synadia,JPMorgan Chase,Wargaming.net,Dell"
Quarter from 10/2015,10/1/2015,1/1/2016,Apcera,"Apcera,Synadia","Apcera,Synadia,KVH","Apcera,Synadia,KVH,Huawei","Apcera,Synadia,KVH,Huawei,Workiva","Apcera,Synadia,KVH,Huawei,Workiva,Red Hat","Apcera,Synadia,KVH,Huawei,Workiva,Red Hat","Apcera,Synadia,KVH,Huawei,Workiva,Red Hat","Apcera,Synadia,KVH,Huawei,Workiva,Red Hat","Apcera,Synadia,KVH,Huawei,Workiva,Red Hat","Apcera,Synadia,KVH,Huawei,Workiva,Red Hat","Apcera,Synadia,KVH,Huawei,Workiva,Red Hat","Apcera,Synadia,KVH,Huawei,Workiva,Red Hat","Apcera,Synadia,KVH,Huawei,Workiva,Red Hat","Apcera,Synadia,KVH,Huawei,Workiva,Red Hat"
Quarter from 01/2016,1/1/2016,4/1/2016,Apcera,"Apcera,Synadia","Apcera,Synadia,Fairfax Media","Apcera,Synadia,Fairfax Media,JPMorgan Chase","Apcera,Synadia,Fairfax Media,JPMorgan Chase,Workiva","Apcera,Synadia,Fairfax Media,JPMorgan Chase,Workiva,Red Hat,Cloud Dynamics,Netroby","Apcera,Synadia,Fairfax Media,JPMorgan Chase,Workiva,Red Hat,Cloud Dynamics,Netroby","Apcera,Synadia,Fairfax Media,JPMorgan Chase,Workiva,Red Hat,Cloud Dynamics,Netroby","Apcera,Synadia,Fairfax Media,JPMorgan Chase,Workiva,Red Hat,Cloud Dynamics,Netroby","Apcera,Synadia,Fairfax Media,JPMorgan Chase,Workiva,Red Hat,Cloud Dynamics,Netroby","Apcera,Synadia,Fairfax Media,JPMorgan Chase,Workiva,Red Hat,Cloud Dynamics,Netroby","Apcera,Synadia,Fairfax Media,JPMorgan Chase,Workiva,Red Hat,Cloud Dynamics,Netroby","Apcera,Synadia,Fairfax Media,JPMorgan Chase,Workiva,Red Hat,Cloud Dynamics,Netroby","Apcera,Synadia,Fairfax Media,JPMorgan Chase,Workiva,Red Hat,Cloud Dynamics,Netroby","Apcera,Synadia,Fairfax Media,JPMorgan Chase,Workiva,Red Hat,Cloud Dynamics,Netroby"
Quarter from 04/2016,4/1/2016,7/1/2016,Apcera,"Apcera,Synadia","Apcera,Synadia,Workiva","Apcera,Synadia,Workiva,Zenly","Apcera,Synadia,Workiva,Zenly,Robert Koch-institut","Apcera,Synadia,Workiva,Zenly,Robert Koch-institut,Weaveworks","Apcera,Synadia,Workiva,Zenly,Robert Koch-institut,Weaveworks","Apcera,Synadia,Workiva,Zenly,Robert Koch-institut,Weaveworks","Apcera,Synadia,Workiva,Zenly,Robert Koch-institut,Weaveworks","Apcera,Synadia,Workiva,Zenly,Robert Koch-institut,Weaveworks","Apcera,Synadia,Workiva,Zenly,Robert Koch-institut,Weaveworks","Apcera,Synadia,Workiva,Zenly,Robert Koch-institut,Weaveworks","Apcera,Synadia,Workiva,Zenly,Robert Koch-institut,Weaveworks","Apcera,Synadia,Workiva,Zenly,Robert Koch-institut,Weaveworks","Apcera,Synadia,Workiva,Zenly,Robert Koch-institut,Weaveworks"
Quarter from 07/2016,7/1/2016,10/1/2016,Apcera,"Apcera,Synadia","Apcera,Synadia,Workiva","Apcera,Synadia,Workiva,Red Hat","Apcera,Synadia,Workiva,Red Hat,Google","Apcera,Synadia,Workiva,Red Hat,Google,EasyStack,HPE,JPMorgan Chase,WP Engine","Apcera,Synadia,Workiva,Red Hat,Google,EasyStack,HPE,JPMorgan Chase,WP Engine","Apcera,Synadia,Workiva,Red Hat,Google,EasyStack,HPE,JPMorgan Chase,WP Engine","Apcera,Synadia,Workiva,Red Hat,Google,EasyStack,HPE,JPMorgan Chase,WP Engine","Apcera,Synadia,Workiva,Red Hat,Google,EasyStack,HPE,JPMorgan Chase,WP Engine","Apcera,Synadia,Workiva,Red Hat,Google,EasyStack,HPE,JPMorgan Chase,WP Engine","Apcera,Synadia,Workiva,Red Hat,Google,EasyStack,HPE,JPMorgan Chase,WP Engine","Apcera,Synadia,Workiva,Red Hat,Google,EasyStack,HPE,JPMorgan Chase,WP Engine","Apcera,Synadia,Workiva,Red Hat,Google,EasyStack,HPE,JPMorgan Chase,WP Engine","Apcera,Synadia,Workiva,Red Hat,Google,EasyStack,HPE,JPMorgan Chase,WP Engine"
Quarter from 10/2016,10/1/2016,1/1/2017,Apcera,"Apcera,Synadia","Apcera,Synadia,Tink","Apcera,Synadia,Tink,EasyStack","Apcera,Synadia,Tink,EasyStack,CNCF","Apcera,Synadia,Tink,EasyStack,CNCF,HTC,Netlify","Apcera,Synadia,Tink,EasyStack,CNCF,HTC,Netlify","Apcera,Synadia,Tink,EasyStack,CNCF,HTC,Netlify","Apcera,Synadia,Tink,EasyStack,CNCF,HTC,Netlify","Apcera,Synadia,Tink,EasyStack,CNCF,HTC,Netlify","Apcera,Synadia,Tink,EasyStack,CNCF,HTC,Netlify","Apcera,Synadia,Tink,EasyStack,CNCF,HTC,Netlify","Apcera,Synadia,Tink,EasyStack,CNCF,HTC,Netlify","Apcera,Synadia,Tink,EasyStack,CNCF,HTC,Netlify","Apcera,Synadia,Tink,EasyStack,CNCF,HTC,Netlify"
Quarter from 01/2017,1/1/2017,4/1/2017,Synadia,"Synadia,Apcera","Synadia,Apcera,Zenly","Synadia,Apcera,Zenly,CNAMTS","Synadia,Apcera,Zenly,CNAMTS,Red Hat","Synadia,Apcera,Zenly,CNAMTS,Red Hat,Ericsson","Synadia,Apcera,Zenly,CNAMTS,Red Hat,Ericsson","Synadia,Apcera,Zenly,CNAMTS,Red Hat,Ericsson","Synadia,Apcera,Zenly,CNAMTS,Red Hat,Ericsson","Synadia,Apcera,Zenly,CNAMTS,Red Hat,Ericsson","Synadia,Apcera,Zenly,CNAMTS,Red Hat,Ericsson","Synadia,Apcera,Zenly,CNAMTS,Red Hat,Ericsson","Synadia,Apcera,Zenly,CNAMTS,Red Hat,Ericsson","Synadia,Apcera,Zenly,CNAMTS,Red Hat,Ericsson","Synadia,Apcera,Zenly,CNAMTS,Red Hat,Ericsson"
Quarter from 04/2017,4/1/2017,7/1/2017,Synadia,"Synadia,Apcera","Synadia,Apcera,Workiva","Synadia,Apcera,Workiva,Namely","Synadia,Apcera,Workiva,Namely,SUSE/Novell","Synadia,Apcera,Workiva,Namely,SUSE/Novell","Synadia,Apcera,Workiva,Namely,SUSE/Novell","Synadia,Apcera,Workiva,Namely,SUSE/Novell","Synadia,Apcera,Workiva,Namely,SUSE/Novell","Synadia,Apcera,Workiva,Namely,SUSE/Novell","Synadia,Apcera,Workiva,Namely,SUSE/Novell","Synadia,Apcera,Workiva,Namely,SUSE/Novell","Synadia,Apcera,Workiva,Namely,SUSE/Novell","Synadia,Apcera,Workiva,Namely,SUSE/Novell","Synadia,Apcera,Workiva,Namely,SUSE/Novell"
Quarter from 07/2017,7/1/2017,10/1/2017,Synadia,"Synadia,Apcera","Synadia,Apcera,Workiva","Synadia,Apcera,Workiva,Media iQ Digital","Synadia,Apcera,Workiva,Media iQ Digital,Bitnami","Synadia,Apcera,Workiva,Media iQ Digital,Bitnami,Ubiwhere,Cisco,IEEE Computer Society,Infoxchange","Synadia,Apcera,Workiva,Media iQ Digital,Bitnami,Ubiwhere,Cisco,IEEE Computer Society,Infoxchange","Synadia,Apcera,Workiva,Media iQ Digital,Bitnami,Ubiwhere,Cisco,IEEE Computer Society,Infoxchange","Synadia,Apcera,Workiva,Media iQ Digital,Bitnami,Ubiwhere,Cisco,IEEE Computer Society,Infoxchange","Synadia,Apcera,Workiva,Media iQ Digital,Bitnami,Ubiwhere,Cisco,IEEE Computer Society,Infoxchange","Synadia,Apcera,Workiva,Media iQ Digital,Bitnami,Ubiwhere,Cisco,IEEE Computer Society,Infoxchange","Synadia,Apcera,Workiva,Media iQ Digital,Bitnami,Ubiwhere,Cisco,IEEE Computer Society,Infoxchange","Synadia,Apcera,Workiva,Media iQ Digital,Bitnami,Ubiwhere,Cisco,IEEE Computer Society,Infoxchange","Synadia,Apcera,Workiva,Media iQ Digital,Bitnami,Ubiwhere,Cisco,IEEE Computer Society,Infoxchange","Synadia,Apcera,Workiva,Media iQ Digital,Bitnami,Ubiwhere,Cisco,IEEE Computer Society,Infoxchange"
Quarter from 10/2017,10/1/2017,1/1/2018,Synadia,"Synadia,Workiva","Synadia,Workiva,Apcera","Synadia,Workiva,Apcera","Synadia,Workiva,Apcera","Synadia,Workiva,Apcera","Synadia,Workiva,Apcera","Synadia,Workiva,Apcera","Synadia,Workiva,Apcera","Synadia,Workiva,Apcera","Synadia,Workiva,Apcera","Synadia,Workiva,Apcera","Synadia,Workiva,Apcera","Synadia,Workiva,Apcera","Synadia,Workiva,Apcera"
Quarter from 01/2018,1/1/2018,4/1/2018,Synadia,"Synadia,Apcera","Synadia,Apcera,CNCF","Synadia,Apcera,CNCF,Rev.com","Synadia,Apcera,CNCF,Rev.com,SAP","Synadia,Apcera,CNCF,Rev.com,SAP,Active Shadow,IBM,Ubiwhere,Workiva","Synadia,Apcera,CNCF,Rev.com,SAP,Active Shadow,IBM,Ubiwhere,Workiva","Synadia,Apcera,CNCF,Rev.com,SAP,Active Shadow,IBM,Ubiwhere,Workiva","Synadia,Apcera,CNCF,Rev.com,SAP,Active Shadow,IBM,Ubiwhere,Workiva","Synadia,Apcera,CNCF,Rev.com,SAP,Active Shadow,IBM,Ubiwhere,Workiva","Synadia,Apcera,CNCF,Rev.com,SAP,Active Shadow,IBM,Ubiwhere,Workiva","Synadia,Apcera,CNCF,Rev.com,SAP,Active Shadow,IBM,Ubiwhere,Workiva","Synadia,Apcera,CNCF,Rev.com,SAP,Active Shadow,IBM,Ubiwhere,Workiva","Synadia,Apcera,CNCF,Rev.com,SAP,Active Shadow,IBM,Ubiwhere,Workiva","Synadia,Apcera,CNCF,Rev.com,SAP,Active Shadow,IBM,Ubiwhere,Workiva"
Quarter from 04/2018,4/1/2018,7/1/2018,Synadia,"Synadia,Apcera","Synadia,Apcera,Workiva","Synadia,Apcera,Workiva","Synadia,Apcera,Workiva","Synadia,Apcera,Workiva","Synadia,Apcera,Workiva","Synadia,Apcera,Workiva","Synadia,Apcera,Workiva","Synadia,Apcera,Workiva","Synadia,Apcera,Workiva","Synadia,Apcera,Workiva","Synadia,Apcera,Workiva","Synadia,Apcera,Workiva","Synadia,Apcera,Workiva"
