ord,date_from,date_to,release,days,contributions,pushes,issue_evs,pr_evs,pr_reviews,comment_evs,contributors,committers,issuers,pr_creators,pr_reviewers,commenters,contributing_coms,committing_coms,issuers_coms,pr_creating_coms,pr_reviewing_coms,commenting_coms,contributions_per_day,pushes_per_day,issue_evs_per_day,pr_evs_per_day,pr_reviews_per_day,comment_evs_per_day,top_contributors,top_contributors_coms,n_top_contributing_coms,top_contributions,top_contributions_perc,top_contributing_coms,top_comp_contributions,top_comp_contributions_perc,top_committers,top_committers_coms,n_top_committing_coms,top_commits,top_commits_perc,top_committing_coms,top_comp_commits,top_comp_commits_perc,top_issuers,top_issuers_coms,n_top_issuers_coms,top_issues,top_issues_perc,top_issuing_coms,top_comp_issues,top_comp_issues_perc,top_pr_creators,top_pr_creators_coms,n_top_pr_creators_coms,top_prs,top_prs_perc,top_pr_creating_coms,top_comp_prs,top_comp_prs_perc,top_reviewers,top_reviewers_coms,n_top_reviewers_coms,top_reviews,top_reviews_perc,top_reviewing_coms,top_comp_reviews,top_comp_reviews_perc,top_commenters,top_commenters_coms,n_top_commenters_coms,top_comments,top_comments_perc,top_commenting_coms,top_comp_comments,top_comp_comments_perc
1,2014-11-27T00:00:00Z,2017-03-29T00:00:00Z,Before joining CNCF,853,8626,2220,2290,4116,7690,15144,410,85,265,191,95,406,93,18,63,58,26,85,10.112543962485345,2.6025791324736227,2.6846424384525207,4.825322391559203,9.015240328253224,17.753810082063307,"jonboulle,iaguis,alban,lucab,s-urbaniak,krnowak,yifan-gu,vcaputo,eyakubovich,philips,steveeJ,sgotti,squeed,tmrts,euank,blixtra,dgonyeo,joshix,robszumski,kelseyhightower,jellonek,achanda,schwf5,f0,jzelinskie","Red Hat,Kinvolk,SORINT.lab,Google,Intel,EMC",6,7383,85.5900765128680733,"Red Hat,Kinvolk,SORINT.lab,Intel,Google,EMC,Deis,Huawei,Facebook,Kismatic,Travelping,University of Queensland,Endocode,Siemens,appOrbit,Debian,Peerigon,Tigera,SUSE,Pantheon Platform,SAP,Fedora,Mirantis,Compose,Virginia Tech",7469,86.5870623695803385,"jonboulle,iaguis,alban,lucab,s-urbaniak,krnowak,vcaputo,eyakubovich,philips,kelseyhightower,yifan-gu,squeed,tmrts,schwf5,sgotti,steveeJ,tschm23,preillyme,rckclmbr,mboersma,jzelinskie,joshix,wsong83,juliangrosshauser,levigross","Red Hat,Kinvolk,Google,SORINT.lab,Kismatic,Facebook,Deis",7,2086,93.9639639639639640,"Red Hat,Kinvolk,Google,SORINT.lab,Deis,Facebook,Kismatic,Virginia Tech,Giant Swarm,Source{d},Pivotal,Proofpoint,AngularClass,Aperian Global,Cloudius Systems,Endocode,Gigawatt IO,Thomson Reuters",1952,87.9279279279279279,"jonboulle,iaguis,alban,lucab,yifan-gu,s-urbaniak,steveeJ,philips,eyakubovich,krnowak,tmrts,squeed,euank,sgotti,blixtra,f0,robszumski,achanda,vcaputo,jellonek,dgonyeo,n0rad,rushmorem,zopyx,onlyjob","Red Hat,Kinvolk,SORINT.lab,EMC,Intel,Debian",6,1737,75.8515283842794760,"Red Hat,Kinvolk,Intel,SORINT.lab,EMC,Google,University of Queensland,Debian,appOrbit,Siemens,Huawei,Tigera,Compose,StackPointCloud,Fedora,Schuberg Philis,Weaveworks,Pantheon Platform,Oteemo,nVisium,National Geographic,Mirantis,Futurequest,Endocode,CrypTag",1836,80.1746724890829694,"jonboulle,iaguis,alban,lucab,krnowak,s-urbaniak,yifan-gu,vcaputo,eyakubovich,sgotti,squeed,steveeJ,philips,tmrts,blixtra,dgonyeo,euank,joshix,robszumski,jellonek,jjlakis,alepuccetti,ppalucki,0xAX,mstachowski","Red Hat,Kinvolk,SORINT.lab,Intel,Travelping",5,3738,90.8163265306122449,"Red Hat,Kinvolk,SORINT.lab,Intel,Travelping,Huawei,Google,Endocode,EMC,SUSE,Peerigon,SAP,Mirantis,Deis,Tigera,Pantheon Platform,University of Queensland,QBE Insurance,Aperian Global,Bulletproof,Fedora,Gravitational,Siemens,appOrbit,Unbounce",3731,90.6462585034013605,"alban,jonboulle,krnowak,iaguis,s-urbaniak,lucab,yifan-gu,joshix,steveeJ,sgotti,tmrts,jellonek,vcaputo,euank,squeed,eyakubovich,blixtra,robszumski,dgonyeo,ppalucki,klizhentas,jjlakis,philips,mstachowski,ecnahc515","Kinvolk,Red Hat,SORINT.lab,Intel,Gravitational",5,7366,95.7867360208062419,"Red Hat,Kinvolk,Intel,SORINT.lab,Gravitational,Google,Endocode,Peerigon,SUSE,Mirantis,appOrbit,EMC,Cockroach Labs,FireEye,Travelping,SAP,Weaveworks,Huawei,imgix,Unbounce,Siemens,Aperian Global,CABNetworks,Bulletproof,Tigera",7266,94.4863459037711313,"jonboulle,alban,iaguis,lucab,s-urbaniak,yifan-gu,krnowak,jellonek,sgotti,vcaputo,steveeJ,philips,squeed,euank,tmrts,eyakubovich,dgonyeo,robszumski,blixtra,jjlakis,joshix,pskrzyns,ppalucki,ecnahc515,f0","Red Hat,Kinvolk,Intel,SORINT.lab",4,12936,85.4199683042789223,"Red Hat,Kinvolk,Intel,SORINT.lab,Google,Fedora,University of Queensland,appOrbit,Debian,EMC,Endocode,Gravitational,Peerigon,Giant Swarm,Huawei,StackPointCloud,SAP,Unbounce,SUSE,Compose,Siemens,Airware,imgix,Mirantis,FICO",13273,87.6452720549392499
2,2017-03-29T00:00:00Z,2018-04-17T00:00:00Z,Since joining CNCF,384,748,156,260,332,281,1101,112,9,82,54,21,145,21,2,15,15,5,24,1.9479166666666667,0.40625,0.6770833333333334,0.8645833333333334,0.7317708333333334,2.8671875,"iaguis,lucab,squeed,alban,tesujimath,Shashwatsh,euank,sstabellini,fabiokung,glevand,jonboulle,trusch,nhlfr,pkmiec,daledude,ybubnov,zozo6015,dgonyeo,taqtiqa-mark,dm0-,kfirufk,jeremyd,kirek007,brianredbeard,dungeonmaster18","Kinvolk,Red Hat,Caelum,Checkr,BlaBlaCar,Docker",6,631,84.3582887700534759,"Red Hat,Kinvolk,Caelum,Checkr,BlaBlaCar,Docker,42 Tech,PayPal,Nemo.ai,UMCloud,Softonic,CNCF,Futurequest,Hupp,Inovex,CoScale,Virginia Tech,University of Queensland,SUSE,CrypTag,genua",544,72.7272727272727273,"iaguis,lucab,sstabellini,squeed,alban,jonboulle,euank,dgonyeo,krnowak","Kinvolk,Red Hat",2,156,100.0000000000000000,"Red Hat,Kinvolk",142,91.0256410256410256,"iaguis,lucab,tesujimath,Shashwatsh,alban,euank,trusch,pkmiec,squeed,daledude,nhlfr,zozo6015,taqtiqa-mark,jeremyd,arianvp,kfirufk,ravibhure,glevand,brianredbeard,dvoita,uzytkownik,h0tbird,mrschyte,Ryn3r,ogham","Kinvolk,Red Hat,Checkr,Softonic",4,201,77.3076923076923077,"Kinvolk,Red Hat,Checkr,Softonic,CNCF,UMCloud,University of Queensland,Virginia Tech,Inovex,Futurequest,BlaBlaCar,Caelum,PayPal,Docker,Nemo.ai",132,50.7692307692307692,"iaguis,lucab,fabiokung,glevand,squeed,alban,jonboulle,trusch,ybubnov,euank,Shashwatsh,tesujimath,nhlfr,sstabellini,XtinaJ,dgonyeo,sch00lb0y,JulienBalestra,dm0-,samm81,budongxin,kirek007,dungeonmaster18,bgilbert,tormath1","Kinvolk,Red Hat,Caelum,42 Tech,BlaBlaCar,Docker",6,303,91.2650602409638554,"Red Hat,Kinvolk,Caelum,42 Tech,BlaBlaCar,Docker,genua,CrypTag,Hupp,CoScale,Nemo.ai,CNCF,PayPal,SUSE,UMCloud",270,81.3253012048192771,"iaguis,alban,lucab,euank,tesujimath,jellonek,nhlfr,ybubnov,indradhanush,squeed,JulienBalestra,steveeJ,jonboulle,fabiokung,pppKin,trusch,budongxin,grahamwhaley,ohjames,glevand,s-urbaniak","Kinvolk,Red Hat,Intel,42 Tech,Caelum",5,281,100.0000000000000000,"Kinvolk,Red Hat,Intel,42 Tech,Caelum",256,91.1032028469750890,"lucab,iaguis,squeed,tesujimath,euank,fabiokung,trusch,glevand,alban,Shashwatsh,sstabellini,ohjames,ravibhure,nhlfr,sanicheev,arianvp,sch00lb0y,blixtra,jonboulle,pkmiec,jwieringa,taqtiqa-mark,blalor,ybubnov,jellonek","Red Hat,Kinvolk,Caelum,Nemo.ai,Intel",5,876,79.5640326975476839,"Red Hat,Kinvolk,Caelum,Nemo.ai,Intel,SUSE/Novell,CoScale,BlaBlaCar,Docker,42 Tech,PayPal,University of Queensland,CrypTag,Softonic,Liz Rice,Zalando,Checkr,MakerForce,Letv Cloud Computing,Google,genua,Fedora,Catawiki,Unbounce",690,62.6702997275204360
1001,2014-11-27T00:00:00Z,2015-01-01T00:00:00Z,2014,35,434,426,0,8,0,30,69,68,0,6,0,4,15,15,0,2,0,1,12.4,12.17142857142857,0,0.22857142857142856,0,0.8571428571428571,"jonboulle,kelseyhightower,vcaputo,schwf5,sgotti,mboersma,preillyme,rckclmbr,tschm23,jzelinskie,wsong83,juliangrosshauser,levigross,gprggr,Makae,mboersma,deepak1556,eyakubovich,nicklynj,rahulgopan,jason-riddle,OscarBarrett,hectorj2f,kogora,xiang90","Red Hat,Google,SORINT.lab,Deis,Kismatic,Facebook,Virginia Tech,Giant Swarm",8,379,87.3271889400921659,"Red Hat,Google,Deis,SORINT.lab,Kismatic,Facebook,Virginia Tech,Giant Swarm,Source{d},Pivotal,Gigawatt IO,Cloudius Systems,Thomson Reuters,Proofpoint,AngularClass",244,56.2211981566820276,"jonboulle,kelseyhightower,vcaputo,schwf5,sgotti,tschm23,preillyme,rckclmbr,mboersma,jzelinskie,wsong83,juliangrosshauser,levigross,gprggr,Makae,deepak1556,mboersma,nicklynj,rahulgopan,eyakubovich,hectorj2f,OscarBarrett,kogora,jason-riddle,xiang90","Red Hat,Google,SORINT.lab,Kismatic,Facebook,Deis,Giant Swarm,Virginia Tech",8,373,87.5586854460093897,"Red Hat,Google,SORINT.lab,Deis,Kismatic,Facebook,Giant Swarm,Virginia Tech,Source{d},Pivotal,AngularClass,Thomson Reuters,Proofpoint,Gigawatt IO,Cloudius Systems",237,55.6338028169014085,,,,,,,,,"mboersma,jonboulle,mpasternacki,mboersma,crawford,eyakubovich","Deis,Red Hat",2,8,100.0000000000000000,"Deis,Red Hat",7,87.5000000000000000,,,,,,,,,"jonboulle,vcaputo,xiang90,mpasternacki",Red Hat,1,30,100.0000000000000000,Red Hat,18,60.0000000000000000
1002,2015-01-01T00:00:00Z,2016-01-01T00:00:00Z,2015,365,4041,914,1055,2072,3437,6498,163,17,125,85,46,175,48,5,36,30,12,44,11.07123287671233,2.504109589041096,2.8904109589041096,5.676712328767123,9.416438356164383,17.802739726027397,"jonboulle,iaguis,alban,krnowak,vcaputo,eyakubovich,yifan-gu,philips,steveeJ,sgotti,blixtra,robszumski,dgonyeo,ppalucki,kelseyhightower,f0,jellonek,tixxdz,markllama,rushmorem,mjg59,ecnahc515,jzelinskie,kibra,n0rad","Red Hat,Kinvolk,SORINT.lab,Intel,Google,Endocode,Pantheon Platform",7,3735,92.4276169265033408,"Red Hat,Kinvolk,SORINT.lab,Intel,Google,Endocode,Pantheon Platform,EMC,Huawei,StackPointCloud,Gravitational,Aperian Global,nVisium,Weaveworks,QBE Insurance,Rancher,SUSE,Fedora,Soficom,Discogs,Cryptic Studios,Stack Exchange,Tieto,Center for Open Science,Ubisoft",3617,89.5075476367235833,"jonboulle,iaguis,alban,krnowak,vcaputo,eyakubovich,philips,yifan-gu,steveeJ,kelseyhightower,robszumski,dgonyeo,joshix,tixxdz,mjg59,aaronlevy,jzelinskie","Red Hat,Kinvolk,Google,Endocode,Aperian Global",5,914,100.0000000000000000,"Red Hat,Kinvolk,Google,Endocode,Aperian Global",861,94.2013129102844639,"jonboulle,iaguis,alban,steveeJ,yifan-gu,philips,eyakubovich,krnowak,blixtra,vcaputo,robszumski,f0,sgotti,dgonyeo,rushmorem,n0rad,polvi,markllama,achanda,jaybuff,zopyx,dwalter,UserTaken,ecnahc515,rimusz","Red Hat,Kinvolk,SORINT.lab,EMC,StackPointCloud",5,882,83.6018957345971564,"Red Hat,Kinvolk,SORINT.lab,EMC,Intel,StackPointCloud,Google,Pantheon Platform,Weaveworks,Huawei,nVisium,Soficom,Rancher,Endocode,Fedora,Gravitational,Cryptic Studios,Tieto,Schuberg Philis,Center for Open Science,Apache,Compose,Debian,Discogs,Docker",882,83.6018957345971564,"jonboulle,iaguis,alban,krnowak,vcaputo,eyakubovich,yifan-gu,sgotti,philips,steveeJ,blixtra,dgonyeo,robszumski,ppalucki,tixxdz,kelseyhightower,jellonek,brookerj11211,mjg59,dongsupark,crquan,jzelinskie,markllama,kibra,liugenping","Red Hat,Kinvolk,SORINT.lab,Intel,Endocode,Google,Pantheon Platform",7,1986,95.8494208494208494,"Red Hat,Kinvolk,SORINT.lab,Intel,Endocode,Google,Pantheon Platform,Gravitational,SUSE,Aperian Global,QBE Insurance,Huawei,Apcera,nVisium,Pear,Pivotal,SAP,SportZing Corporation,Stack Exchange,Tower Research Capital,Ubisoft,US Navy,ZeMoSo Technologies,Heroku,Giant Swarm",1885,90.9749034749034749,"jonboulle,krnowak,alban,iaguis,yifan-gu,steveeJ,vcaputo,joshix,sgotti,eyakubovich,jellonek,klizhentas,robszumski,blixtra,ppalucki,philips,kelseyhightower,ecnahc515,mjg59,dgonyeo,crawford,xiang90,tixxdz,liugenping,tamird","Red Hat,Kinvolk,SORINT.lab,Intel,Gravitational,Google,Endocode,Cockroach Labs",8,3397,98.8361943555426244,"Kinvolk,Red Hat,SORINT.lab,Intel,Gravitational,Google,Endocode,Cockroach Labs,Weaveworks,Aperian Global,SUSE,Tigera",3301,96.0430608088449229,"jonboulle,alban,iaguis,yifan-gu,vcaputo,krnowak,sgotti,philips,steveeJ,eyakubovich,jellonek,robszumski,dgonyeo,ppalucki,blixtra,kelseyhightower,rushmorem,markllama,ecnahc515,jzelinskie,tixxdz,f0,jaybuff,klizhentas,lsm5","Red Hat,Kinvolk,SORINT.lab,Intel,Google,Endocode,Gravitational,Fedora",8,5916,91.0433979686057248,"Red Hat,Kinvolk,SORINT.lab,Intel,Google,Endocode,Fedora,Gravitational,Giant Swarm,StackPointCloud,Debian,FICO,Soficom,Pantheon Platform,Huawei,Weaveworks,Center for Open Science,Rancher,Pivotal,Stack Exchange,EMC,Aperian Global,Schuberg Philis,Compose,QBE Insurance",5761,88.6580486303477993
1003,2016-01-01T00:00:00Z,2017-01-01T00:00:00Z,2016,366,3855,819,1150,1886,4147,7990,222,16,162,120,64,259,52,2,40,32,18,59,10.532786885245901,2.237704918032787,3.1420765027322406,5.1530054644808745,11.330601092896174,21.830601092896174,"iaguis,lucab,alban,jonboulle,s-urbaniak,yifan-gu,tmrts,squeed,krnowak,euank,steveeJ,joshix,sgotti,jellonek,dgonyeo,blixtra,alepuccetti,achanda,philips,mstachowski,jjlakis,HuKeping,0xAX,robszumski,tjdett","Kinvolk,Red Hat,SORINT.lab,Intel,EMC,Huawei,Travelping,University of Queensland",8,3371,87.4448767833981842,"Red Hat,Kinvolk,Intel,SORINT.lab,EMC,Huawei,Travelping,University of Queensland,appOrbit,Siemens,Tigera,Debian,Peerigon,SAP,Google,SUSE,Fedora,Mirantis,Compose,PayPal,Airware,Bulletproof,Futurequest,National Geographic,Oteemo",3436,89.1309987029831388,"iaguis,lucab,jonboulle,s-urbaniak,alban,krnowak,tmrts,squeed,yifan-gu,joshix,euank,steveeJ,dgonyeo,philips,derekparker,robszumski","Kinvolk,Red Hat",2,819,100.0000000000000000,"Red Hat,Kinvolk",793,96.8253968253968254,"iaguis,alban,lucab,jonboulle,s-urbaniak,yifan-gu,tmrts,squeed,euank,steveeJ,krnowak,sgotti,jellonek,achanda,Andrei-Pozolotin,onlyjob,philips,sjpotter,Quentin-M,lorddaedra,tjdett,dghubble,alepuccetti,mischief,pskrzyns","Kinvolk,Red Hat,SORINT.lab,Intel,EMC,Debian,appOrbit,University of Queensland,Siemens",9,891,77.4782608695652174,"Red Hat,Kinvolk,Intel,SORINT.lab,EMC,appOrbit,Debian,University of Queensland,Siemens,Google,Tigera,Huawei,Compose,PayPal,Airware,CrypTag,Futurequest,National Geographic,Oteemo,Schuberg Philis,Radicore AB,42 Tech,Travelping,FireEye,Fedora",931,80.9565217391304348,"iaguis,lucab,alban,jonboulle,s-urbaniak,yifan-gu,squeed,tmrts,krnowak,joshix,euank,steveeJ,dgonyeo,blixtra,sgotti,jjlakis,jellonek,alepuccetti,mstachowski,0xAX,achanda,HuKeping,robszumski,wlodekb,matthaias","Kinvolk,Red Hat,SORINT.lab,Intel,Travelping,EMC,Huawei,Peerigon",8,1714,90.8801696712619300,"Red Hat,Kinvolk,Intel,SORINT.lab,Travelping,Huawei,EMC,Peerigon,SUSE,SAP,Mirantis,Tigera,University of Queensland,Bulletproof,Siemens,Fedora,Unbounce,Contap,appOrbit,imgix,Verizon,Weaveworks,ThoughtWorks,Adidas,Airware",1726,91.5164369034994698,"alban,s-urbaniak,iaguis,krnowak,jonboulle,lucab,tmrts,joshix,yifan-gu,jellonek,euank,steveeJ,sgotti,squeed,blixtra,jjlakis,wlodekb,mstachowski,dgonyeo,ElijahCaine,alepuccetti,ppalucki,glevand,robszumski,Wilybald","Kinvolk,Red Hat,Intel,SORINT.lab",4,4044,97.5162768266216542,"Red Hat,Kinvolk,Intel,SORINT.lab,Peerigon,SUSE,EMC,Mirantis,appOrbit,SAP,FireEye,Travelping,Huawei,imgix,Unbounce,Bulletproof,Siemens,ThoughtWorks",3873,93.3928140824692549,"iaguis,alban,jonboulle,lucab,s-urbaniak,yifan-gu,jellonek,krnowak,tmrts,euank,squeed,sgotti,steveeJ,dgonyeo,jjlakis,joshix,pskrzyns,philips,blixtra,alepuccetti,tjdett,sjpotter,mstachowski,lorddaedra,f0","Kinvolk,Red Hat,Intel,SORINT.lab,University of Queensland,appOrbit",6,6905,86.4205256570713392,"Red Hat,Kinvolk,Intel,SORINT.lab,University of Queensland,appOrbit,Google,Debian,EMC,Fedora,Peerigon,SAP,Unbounce,SUSE,imgix,Huawei,Siemens,Airware,Futurequest,Compose,Mirantis,Travelping,CrypTag,Tigera,PayPal",7086,88.6858573216520651
1004,2017-01-01T00:00:00Z,2018-01-01T00:00:00Z,2017,365,913,184,303,426,325,1589,122,10,90,61,25,172,25,2,18,17,7,31,2.5013698630136987,0.5041095890410959,0.8301369863013699,1.167123287671233,0.8904109589041096,4.353424657534247,"lucab,iaguis,squeed,s-urbaniak,jonboulle,alban,euank,tesujimath,glevand,Shashwatsh,fabiokung,sstabellini,trusch,ybubnov,philips,dgonyeo,nhlfr,grahamwhaley,daledude,kfirufk,dm0-,jodh-intel,uzytkownik,taqtiqa-mark,zozo6015","Red Hat,Kinvolk,Caelum,Intel",4,765,83.7897042716319825,"Red Hat,Kinvolk,Caelum,Intel,Checkr,Docker,42 Tech,BlaBlaCar,University of Queensland,PayPal,Travelping,Nemo.ai,Softonic,CNCF,CoScale,Virginia Tech,CABNetworks,CrypTag,Egnyte,Futurequest,Gaikai,Hupp,Inovex,Mirantis,Siemens",696,76.2322015334063527,"lucab,iaguis,jonboulle,sstabellini,squeed,s-urbaniak,alban,philips,dgonyeo,euank","Red Hat,Kinvolk",2,184,100.0000000000000000,"Red Hat,Kinvolk",173,94.0217391304347826,"lucab,iaguis,tesujimath,Shashwatsh,squeed,alban,euank,s-urbaniak,trusch,daledude,kfirufk,jeremyd,zozo6015,uzytkownik,taqtiqa-mark,nhlfr,arianvp,jodh-intel,blalor,nri-pl,omribahumi,tjdett,pkmiec,jonboulle,ErwanMAS","Red Hat,Kinvolk,Checkr,Intel,University of Queensland",5,225,74.2574257425742574,"Red Hat,Kinvolk,Checkr,Intel,University of Queensland,Softonic,Docker,Inovex,Futurequest,Virginia Tech,BlaBlaCar,Caelum,CNCF,CoScale,Mirantis,Nemo.ai,PayPal,Siemens",165,54.4554455445544554,"lucab,iaguis,squeed,jonboulle,glevand,fabiokung,s-urbaniak,euank,ybubnov,alban,philips,trusch,grahamwhaley,dgonyeo,nhlfr,tesujimath,sstabellini,Shashwatsh,dm0-,XtinaJ,sch00lb0y,JulienBalestra,kirek007,dungeonmaster18,shobhit85","Red Hat,Kinvolk,Caelum,Intel,42 Tech,BlaBlaCar,Docker",7,387,90.8450704225352113,"Red Hat,Kinvolk,Caelum,Intel,42 Tech,BlaBlaCar,Travelping,Docker,CoScale,PayPal,Nemo.ai,Hupp,Gaikai,Egnyte,CABNetworks,CNCF,CrypTag",358,84.0375586854460094,"lucab,iaguis,alban,s-urbaniak,squeed,euank,ybubnov,tesujimath,jellonek,nhlfr,trusch,jonboulle,indradhanush,steveeJ,JulienBalestra,fabiokung,pppKin,schu,grahamwhaley,pgburt,glevand,cab105,dgonyeo,0xAX,joshix","Red Hat,Kinvolk,Intel,42 Tech,Caelum,CABNetworks,Travelping",7,325,100.0000000000000000,"Red Hat,Kinvolk,Intel,42 Tech,Caelum,CABNetworks,Travelping",289,88.9230769230769231,"lucab,squeed,s-urbaniak,iaguis,euank,jonboulle,tesujimath,trusch,fabiokung,grahamwhaley,ybubnov,alban,glevand,Shashwatsh,sstabellini,dgonyeo,jodh-intel,sanicheev,nhlfr,ravibhure,kfirufk,ElijahCaine,arianvp,blalor,evverx","Red Hat,Kinvolk,Caelum,Intel,Nemo.ai",5,1263,79.4839521711768408,"Red Hat,Kinvolk,Intel,Caelum,Nemo.ai,Telemetry.com,SUSE/Novell,Google,University of Queensland,CoScale,CrypTag,BlaBlaCar,Docker,42 Tech,Fedora,Softonic,PayPal,Liz Rice,Checkr,Zalando,Egnyte,SugarCRM,CABNetworks,Endocode,Letv Cloud Computing",1117,70.2957835116425425
1005,2018-01-01T00:00:00Z,2018-04-17T00:00:00Z,2018,106,131,33,42,56,62,138,35,6,20,18,7,37,6,2,3,6,2,6,1.2358490566037736,0.3113207547169811,0.39622641509433965,0.5283018867924528,0.5849056603773585,1.3018867924528301,"iaguis,lucab,euank,squeed,pkmiec,sstabellini,Shashwatsh,budongxin,zhsj,ogham,dvoita,tormath1,dgonyeo,Thermi,krnowak,nri-pl,hummerbliss,tomByrer,bacher09,kriestof,vamc19,margach,rufoa,alban,najamelan","Kinvolk,Red Hat,UMCloud",3,121,92.3664122137404580,"Kinvolk,Red Hat,UMCloud,SUSE,genua,Caelum",97,74.0458015267175573,"iaguis,lucab,sstabellini,euank,squeed,krnowak","Kinvolk,Red Hat",2,33,100.0000000000000000,"Kinvolk,Red Hat",30,90.9090909090909091,"iaguis,Shashwatsh,pkmiec,dvoita,ogham,Thermi,nri-pl,claneys,najamelan,zhsj,lucab,alban,margach,glevand,tormath1,danielmotaleite,kriestof,bacher09,tomByrer,hummerbliss","Kinvolk,UMCloud,Red Hat",3,42,100.0000000000000000,"Kinvolk,UMCloud,Red Hat",19,45.2380952380952381,"iaguis,lucab,squeed,budongxin,dgonyeo,euank,vamc19,michas2,krnowak,ohjames,rufoa,tormath1,zhsj,celskeggs,pracplayopen,bgilbert,fabiokung,hwoarang","Kinvolk,Red Hat,genua,UMCloud,Caelum,SUSE",6,56,100.0000000000000000,"Kinvolk,Red Hat,SUSE,Caelum,UMCloud,genua",48,85.7142857142857143,"alban,iaguis,lucab,euank,jonboulle,budongxin,ohjames","Kinvolk,Red Hat",2,62,100.0000000000000000,"Kinvolk,Red Hat",60,96.7741935483870968,"iaguis,lucab,ohjames,squeed,glevand,alban,blixtra,euank,taqtiqa-mark,sch00lb0y,orthecreedence,luisbg,vamc19,jwieringa,Shashwatsh,dgonyeo,dvoita,pracplayopen,Thermi,krnowak,elimisteve,kriestof,hummerbliss,fhackenberger,sstabellini","Kinvolk,Red Hat,CrypTag",3,126,91.3043478260869565,"Kinvolk,Red Hat,CrypTag,Intel,genua,Catawiki",82,59.4202898550724638
2001,2014-11-01T00:00:00Z,2014-12-01T00:00:00Z,11/2014,30,21,21,0,0,0,0,6,6,0,0,0,0,0,0,0,0,0,0,0.7,0.7,0,0,0,0,"schwf5,Makae,wsong83,fresh5447,tschm23,BjornRombaut",,0,21,100.0000000000000000,,,,"schwf5,Makae,fresh5447,wsong83,tschm23,BjornRombaut",,0,21,100.0000000000000000,,,,,,,,,,,,,,,,,,,,,,,,,,,,,,,,,,,
2002,2014-12-01T00:00:00Z,2015-01-01T00:00:00Z,12/2014,31,420,412,0,8,0,30,67,66,0,6,0,4,15,15,0,2,0,1,13.548387096774194,13.290322580645162,0,0.25806451612903225,0,0.967741935483871,"jonboulle,kelseyhightower,vcaputo,sgotti,schwf5,mboersma,rckclmbr,preillyme,tschm23,jzelinskie,wsong83,juliangrosshauser,levigross,gprggr,deepak1556,mboersma,nicklynj,eyakubovich,rahulgopan,hectorj2f,Makae,jason-riddle,OscarBarrett,kogora,xiang90","Red Hat,Google,SORINT.lab,Deis,Facebook,Kismatic,Giant Swarm,Virginia Tech",8,367,87.3809523809523810,"Red Hat,Google,Deis,SORINT.lab,Facebook,Kismatic,Giant Swarm,Virginia Tech,Source{d},Pivotal,Thomson Reuters,Cloudius Systems,Gigawatt IO,Proofpoint,AngularClass",244,58.0952380952380952,"jonboulle,kelseyhightower,vcaputo,sgotti,schwf5,preillyme,rckclmbr,mboersma,tschm23,jzelinskie,wsong83,juliangrosshauser,levigross,gprggr,deepak1556,nicklynj,mboersma,eyakubovich,rahulgopan,kogora,OscarBarrett,Makae,hectorj2f,jason-riddle,xiang90","Red Hat,Google,SORINT.lab,Kismatic,Facebook,Deis,Giant Swarm,Virginia Tech",8,361,87.6213592233009709,"Red Hat,Google,SORINT.lab,Deis,Kismatic,Facebook,Giant Swarm,Virginia Tech,Source{d},Pivotal,Proofpoint,Cloudius Systems,AngularClass,Thomson Reuters,Gigawatt IO",237,57.5242718446601942,,,,,,,,,"mboersma,jonboulle,eyakubovich,crawford,mpasternacki,mboersma","Deis,Red Hat",2,8,100.0000000000000000,"Deis,Red Hat",7,87.5000000000000000,,,,,,,,,"jonboulle,vcaputo,xiang90,mpasternacki",Red Hat,1,30,100.0000000000000000,Red Hat,18,60.0000000000000000
2003,2015-01-01T00:00:00Z,2015-02-01T00:00:00Z,01/2015,31,344,84,52,208,268,413,25,4,18,17,11,30,9,2,7,7,5,10,11.096774193548388,2.7096774193548385,1.6774193548387097,6.709677419354839,8.64516129032258,13.32258064516129,"jonboulle,vcaputo,eyakubovich,sgotti,kelseyhightower,alban,philips,markllama,crquan,errordeveloper,polvi,jieryn,tandrews1,jbayer,iaguis,aledbf,krnowak,robszumski,josephschorr,hectorj2f,pierrebeaucamp,thedrow,peterbourgon,tlperkins,bcwaldon","Red Hat,SORINT.lab,Google,Kinvolk,Weaveworks,Pivotal,Soficom,Giant Swarm,✕✕✕✕✕",9,344,100.0000000000000000,"Red Hat,SORINT.lab,Google,Kinvolk,Weaveworks,Soficom,Pivotal,✕✕✕✕✕,Giant Swarm",255,74.1279069767441860,"jonboulle,vcaputo,eyakubovich,kelseyhightower","Red Hat,Google",2,84,100.0000000000000000,"Red Hat,Google",63,75.0000000000000000,"jonboulle,eyakubovich,markllama,errordeveloper,philips,alban,vcaputo,polvi,robszumski,aledbf,josephschorr,sgotti,tandrews1,jieryn,jbayer,kelseyhightower,thedrow,tlperkins","Red Hat,Weaveworks,Kinvolk,Soficom,SORINT.lab,Pivotal,Google",7,52,100.0000000000000000,"Red Hat,Weaveworks,Kinvolk,SORINT.lab,Soficom,Google,Pivotal",42,80.7692307692307692,"jonboulle,vcaputo,sgotti,eyakubovich,kelseyhightower,crquan,alban,iaguis,krnowak,philips,jbayer,markllama,jieryn,pierrebeaucamp,hectorj2f,bcwaldon,peterbourgon","Red Hat,SORINT.lab,Google,Kinvolk,Pivotal,Giant Swarm,✕✕✕✕✕",7,208,100.0000000000000000,"Red Hat,SORINT.lab,Google,Kinvolk,✕✕✕✕✕,Giant Swarm,Pivotal",150,72.1153846153846154,"jonboulle,vcaputo,kelseyhightower,eyakubovich,crawford,sgotti,robszumski,philips,errordeveloper,alban,xiang90","Red Hat,Google,SORINT.lab,Weaveworks,Kinvolk",5,268,100.0000000000000000,"Red Hat,Google,SORINT.lab,Weaveworks,Kinvolk",231,86.1940298507462687,"jonboulle,vcaputo,sgotti,kelseyhightower,alban,eyakubovich,philips,robszumski,aledbf,hectorj2f,errordeveloper,markllama,tandrews1,crquan,jbayer,iaguis,krnowak,xiang90,pierrebeaucamp,polvi,crawford,thedrow,preillyme,tlperkins,rminnich","Red Hat,SORINT.lab,Google,Kinvolk,Soficom,Giant Swarm,Weaveworks,Pivotal,Kismatic",9,408,98.7893462469733656,"Red Hat,SORINT.lab,Kinvolk,Google,Soficom,Giant Swarm,Weaveworks,Pivotal,Fedora,Kismatic",325,78.6924939467312349
2004,2015-02-01T00:00:00Z,2015-03-01T00:00:00Z,02/2015,28,259,59,60,140,103,326,22,5,16,16,12,31,4,1,3,4,3,8,9.25,2.107142857142857,2.142857142857143,5,3.6785714285714284,11.642857142857142,"jonboulle,vcaputo,eyakubovich,philips,robszumski,alban,sgotti,polvi,brookerj11211,yifan-gu,iaguis,enten,rasschaert,Watney,yoshuawuyts,vbatts,blakelapierre,sym3tri,kofalt,strangemonad,jzelinskie,pcx","Red Hat,Kinvolk,SORINT.lab,ZeMoSo Technologies",4,259,100.0000000000000000,"Red Hat,Kinvolk,SORINT.lab,ZeMoSo Technologies",200,77.2200772200772201,"jonboulle,philips,vcaputo,eyakubovich,robszumski",Red Hat,1,59,100.0000000000000000,Red Hat,49,83.0508474576271186,"philips,eyakubovich,robszumski,jonboulle,vcaputo,polvi,sgotti,yifan-gu,Watney,rasschaert,iaguis,sym3tri,kofalt,alban,blakelapierre,strangemonad","Red Hat,SORINT.lab,Kinvolk",3,60,100.0000000000000000,"Red Hat,SORINT.lab,Kinvolk",48,80.0000000000000000,"jonboulle,vcaputo,eyakubovich,philips,alban,robszumski,sgotti,brookerj11211,enten,iaguis,pcx,vbatts,jzelinskie,yifan-gu,yoshuawuyts,rasschaert","Red Hat,Kinvolk,SORINT.lab,ZeMoSo Technologies",4,140,100.0000000000000000,"Red Hat,Kinvolk,SORINT.lab,ZeMoSo Technologies",103,73.5714285714285714,"jonboulle,iaguis,sgotti,vcaputo,robszumski,brianredbeard,alban,eyakubovich,philips,jzelinskie,marineam,josephschorr","Red Hat,Kinvolk,SORINT.lab",3,103,100.0000000000000000,"Red Hat,Kinvolk,SORINT.lab",95,92.2330097087378641,"jonboulle,philips,vcaputo,alban,sgotti,iaguis,eyakubovich,robszumski,yifan-gu,jzelinskie,vbatts,polvi,brookerj11211,tizzo,rasschaert,strangemonad,sym3tri,kelseyhightower,Watney,rimusz,mclarkson,lsm5,blalor,barakmich,brianredbeard","Red Hat,Kinvolk,SORINT.lab,Google,StackPointCloud,Fedora",6,320,98.1595092024539877,"Red Hat,Kinvolk,SORINT.lab,Google,Giant Swarm,StackPointCloud,Fedora,indiehosters",261,80.0613496932515337
2005,2015-03-01T00:00:00Z,2015-04-01T00:00:00Z,03/2015,31,402,98,96,208,207,639,25,6,20,13,13,36,7,1,3,6,3,10,12.96774193548387,3.161290322580645,3.096774193548387,6.709677419354839,6.67741935483871,20.612903225806452,"jonboulle,philips,eyakubovich,vcaputo,sgotti,iaguis,yifan-gu,alban,robszumski,wuqixuan,h4ck3rm1k3,bcwaldon,brookerj11211,blakelapierre,achanda,sym3tri,dwalter,marineam,markllama,gitmonster,akshaydixi,finid,dardok,blang,genedna","Red Hat,SORINT.lab,Kinvolk,EMC,Tower Research Capital,US Navy,Huawei",7,402,100.0000000000000000,"Red Hat,Kinvolk,SORINT.lab,EMC,US Navy,Tower Research Capital,Huawei",347,86.3184079601990050,"jonboulle,philips,eyakubovich,vcaputo,yifan-gu,robszumski",Red Hat,1,98,100.0000000000000000,Red Hat,90,91.8367346938775510,"jonboulle,philips,eyakubovich,alban,yifan-gu,h4ck3rm1k3,wuqixuan,vcaputo,blakelapierre,bcwaldon,dwalter,iaguis,achanda,sym3tri,marineam,gitmonster,markllama,robszumski,finid,blang","Red Hat,Kinvolk,EMC",3,96,100.0000000000000000,"Red Hat,Kinvolk,EMC",79,82.2916666666666667,"jonboulle,philips,vcaputo,eyakubovich,sgotti,iaguis,yifan-gu,alban,robszumski,brookerj11211,akshaydixi,dardok,genedna","Red Hat,SORINT.lab,Kinvolk,Tower Research Capital,US Navy,Huawei",6,208,100.0000000000000000,"Red Hat,Kinvolk,SORINT.lab,Huawei,US Navy,Tower Research Capital",178,85.5769230769230769,"jonboulle,iaguis,sgotti,eyakubovich,philips,alban,vcaputo,vbatts,bcwaldon,marineam,jzelinskie,yifan-gu,robszumski","Red Hat,Kinvolk,SORINT.lab",3,207,100.0000000000000000,"Red Hat,Kinvolk,SORINT.lab",198,95.6521739130434783,"jonboulle,philips,vcaputo,iaguis,alban,sgotti,eyakubovich,yifan-gu,robszumski,bcwaldon,lsm5,markllama,marineam,LalatenduMohanty,dardok,blakelapierre,krnowak,wuqixuan,hectorj2f,h4ck3rm1k3,nederdirk,shettyg,jzelinskie,brookerj11211,achanda","Red Hat,Kinvolk,SORINT.lab,Fedora,US Navy,Giant Swarm,VMware,EMC",8,628,98.2785602503912363,"Red Hat,Kinvolk,SORINT.lab,Fedora,US Navy,Giant Swarm,EMC,Google,VMware,StackPointCloud",552,86.3849765258215962
2006,2015-04-01T00:00:00Z,2015-05-01T00:00:00Z,04/2015,30,358,88,86,184,298,584,34,9,27,21,15,40,10,2,7,6,3,11,11.933333333333334,2.933333333333333,2.8666666666666667,6.133333333333334,9.933333333333334,19.466666666666665,"jonboulle,alban,eyakubovich,vcaputo,krnowak,iaguis,yifan-gu,philips,robszumski,sgotti,markllama,jzelinskie,klizhentas,luebken,bakins,rimusz,philhug,dwalter,xiang90,xnox,vreon,termie,brianredbeard,barakmich,blalor","Red Hat,Kinvolk,SORINT.lab,Gravitational,StackPointCloud,Intel,Discogs",7,349,97.4860335195530726,"Red Hat,Kinvolk,SORINT.lab,StackPointCloud,Gravitational,Google,Fedora,Endocode,Discogs,Intel",331,92.4581005586592179,"jonboulle,alban,eyakubovich,krnowak,vcaputo,iaguis,yifan-gu,philips,robszumski","Red Hat,Kinvolk",2,88,100.0000000000000000,"Red Hat,Kinvolk",83,94.3181818181818182,"jonboulle,eyakubovich,alban,iaguis,rimusz,philips,robszumski,luebken,vcaputo,bakins,yifan-gu,markllama,dwalter,klizhentas,barakmich,brianredbeard,termie,sym3tri,jzelinskie,philhug,erikano,jcollie,mattthias,kelseyhightower,steveeJ","Red Hat,Kinvolk,StackPointCloud,Gravitational,Fedora,Endocode,Google",7,84,97.6744186046511628,"Red Hat,Kinvolk,StackPointCloud,Gravitational,Endocode,Fedora,Google",76,88.3720930232558140,"jonboulle,alban,eyakubovich,krnowak,vcaputo,iaguis,yifan-gu,sgotti,philips,robszumski,jzelinskie,markllama,vreon,klizhentas,xnox,luebken,bakins,philhug,pmorie,xiang90,bcwaldon","Red Hat,Kinvolk,SORINT.lab,Discogs,Gravitational,Intel",6,184,100.0000000000000000,"Red Hat,Kinvolk,SORINT.lab,Discogs,Intel,Gravitational",172,93.4782608695652174,"jonboulle,krnowak,alban,iaguis,yifan-gu,vcaputo,eyakubovich,sgotti,robszumski,philips,jzelinskie,xiang90,sym3tri,bakins,markllama","Red Hat,Kinvolk,SORINT.lab",3,298,100.0000000000000000,"Red Hat,Kinvolk,SORINT.lab",289,96.9798657718120805,"jonboulle,alban,vcaputo,krnowak,sgotti,philips,eyakubovich,iaguis,yifan-gu,markllama,erikano,klizhentas,robszumski,jcollie,kelseyhightower,luebken,rimusz,lsm5,ecnahc515,dwalter,mattthias,sym3tri,bakins,marineam,strangemonad","Red Hat,Kinvolk,SORINT.lab,Gravitational,Fedora,Google,StackPointCloud,Endocode",8,563,96.4041095890410959,"Red Hat,Kinvolk,SORINT.lab,Fedora,Gravitational,Google,StackPointCloud,Endocode,Intel,Giant Swarm,Discogs",514,88.0136986301369863
2007,2015-05-01T00:00:00Z,2015-06-01T00:00:00Z,05/2015,31,290,62,77,151,266,502,32,8,23,24,15,34,13,2,9,10,4,13,9.35483870967742,2,2.4838709677419355,4.870967741935484,8.580645161290322,16.193548387096776,"jonboulle,alban,yifan-gu,steveeJ,iaguis,eyakubovich,philips,sgotti,ramitsurana05,samsabed,jzelinskie,robszumski,xiang90,xnox,gosharplite,rimusz,rushmorem,rjnagal,techtonik,krnowak,klizhentas,zopyx,glevand,faddat,drumulonimbus","Red Hat,Kinvolk,SORINT.lab,QBE Insurance,Intel,Ubisoft,StackPointCloud,Google,Pear,Gravitational",10,283,97.5862068965517241,"Red Hat,Kinvolk,SORINT.lab,QBE Insurance,Ubisoft,Gravitational,StackPointCloud,Intel,Pear,Google,Heroku,Docker,SportZing Corporation",276,95.1724137931034483,"jonboulle,alban,yifan-gu,iaguis,eyakubovich,philips,jzelinskie,robszumski","Red Hat,Kinvolk",2,62,100.0000000000000000,"Red Hat,Kinvolk",62,100.0000000000000000,"jonboulle,steveeJ,alban,yifan-gu,eyakubovich,rushmorem,rjnagal,rimusz,xiang90,samsabed,gosharplite,dasJ,robszumski,zopyx,drumulonimbus,techtonik,iaguis,erikh,xnox,philips,krnowak,yuvadm,jzelinskie","Red Hat,Kinvolk,Google,StackPointCloud,QBE Insurance,Ubisoft,Pear,Docker,Intel",9,77,100.0000000000000000,"Red Hat,Kinvolk,Google,StackPointCloud,Pear,QBE Insurance,Docker,Intel,Ubisoft",71,92.2077922077922078,"jonboulle,alban,yifan-gu,steveeJ,iaguis,eyakubovich,sgotti,ramitsurana05,samsabed,xiang90,klizhentas,jzelinskie,philips,techtonik,ykomatsu,glevand,krnowak,vcaputo,tauren,jesperfj,faddat,xnox,gosharplite,robszumski","Red Hat,Kinvolk,SORINT.lab,QBE Insurance,Gravitational,Pear,SportZing Corporation,Heroku,Intel,Ubisoft",10,151,100.0000000000000000,"Red Hat,Kinvolk,SORINT.lab,QBE Insurance,Gravitational,Ubisoft,Heroku,Intel,Pear,SportZing Corporation",143,94.7019867549668874,"jonboulle,krnowak,klizhentas,alban,iaguis,sgotti,yifan-gu,eyakubovich,steveeJ,vcaputo,glevand,xiang90,philips,robszumski,marineam","Red Hat,Kinvolk,Gravitational,SORINT.lab",4,266,100.0000000000000000,"Red Hat,Kinvolk,Gravitational,SORINT.lab",260,97.7443609022556391,"jonboulle,alban,yifan-gu,iaguis,steveeJ,sgotti,vcaputo,klizhentas,robszumski,philips,jzelinskie,xiang90,glevand,eyakubovich,rimusz,erikh,victorwangyang,rushmorem,krnowak,dgonyeo,mezcalero,marineam,faddat,xnox,samsabed","Red Hat,Kinvolk,SORINT.lab,Gravitational,StackPointCloud,Docker,Intel,QBE Insurance",8,491,97.8087649402390438,"Red Hat,Kinvolk,SORINT.lab,Gravitational,StackPointCloud,Docker,Intel,QBE Insurance,Huawei,Ubisoft,Pear,Google,Endocode",462,92.0318725099601594
2008,2015-06-01T00:00:00Z,2015-07-01T00:00:00Z,06/2015,30,297,64,89,144,209,566,20,6,15,13,16,37,7,2,6,6,7,13,9.9,2.1333333333333333,2.966666666666667,4.8,6.966666666666667,18.866666666666667,"jonboulle,iaguis,alban,yifan-gu,eyakubovich,kibra,sgotti,rushmorem,zopyx,sainath14,tixxdz,mjg59,HuKeping,vcaputo,mcandre,bitshark,nederdirk,robszumski,philips,xnox","Red Hat,Kinvolk,Pantheon Platform,SORINT.lab,Endocode,Huawei,Intel",7,297,100.0000000000000000,"Kinvolk,Red Hat,Pantheon Platform,SORINT.lab,Endocode,Huawei,Intel",281,94.6127946127946128,"jonboulle,alban,iaguis,yifan-gu,eyakubovich,vcaputo","Red Hat,Kinvolk",2,64,100.0000000000000000,"Red Hat,Kinvolk",63,98.4375000000000000,"jonboulle,iaguis,alban,yifan-gu,rushmorem,zopyx,kibra,sainath14,eyakubovich,tixxdz,HuKeping,sgotti,philips,bitshark,mcandre","Red Hat,Kinvolk,Pantheon Platform,Endocode,Huawei,SORINT.lab",6,89,100.0000000000000000,"Kinvolk,Red Hat,Pantheon Platform,SORINT.lab,Huawei,Endocode",76,85.3932584269662921,"jonboulle,iaguis,alban,yifan-gu,eyakubovich,kibra,sgotti,mjg59,nederdirk,tixxdz,xnox,vcaputo,robszumski","Red Hat,Kinvolk,Pantheon Platform,SORINT.lab,Endocode,Intel",6,144,100.0000000000000000,"Kinvolk,Red Hat,Pantheon Platform,SORINT.lab,Intel,Endocode",142,98.6111111111111111,"jonboulle,alban,iaguis,yifan-gu,krnowak,sgotti,tamird,vcaputo,crawford,eyakubovich,klizhentas,xnox,robszumski,mjg59,nederdirk,aaronlevy","Red Hat,Kinvolk,SORINT.lab,Cockroach Labs,Gravitational,Intel,Aperian Global",7,209,100.0000000000000000,"Red Hat,Kinvolk,SORINT.lab,Cockroach Labs,Gravitational,Intel,Aperian Global",204,97.6076555023923445,"jonboulle,iaguis,alban,yifan-gu,eyakubovich,sgotti,vcaputo,Arcnor,rushmorem,kibra,xnox,tixxdz,krnowak,markllama,smileynewbie123,bitshark,kelseyhightower,zopyx,dvdhrm,rimusz,lsm5,klizhentas,HuKeping,sainath14,samsabed","Red Hat,Kinvolk,SORINT.lab,Pantheon Platform,Intel,Endocode,Google,StackPointCloud,Fedora,Gravitational,Huawei,QBE Insurance",12,554,97.8798586572438163,"Red Hat,Kinvolk,SORINT.lab,Pantheon Platform,Intel,Endocode,Google,Fedora,StackPointCloud,QBE Insurance,Giant Swarm,Gravitational,Huawei",500,88.3392226148409894
2009,2015-07-01T00:00:00Z,2015-08-01T00:00:00Z,07/2015,31,339,69,104,166,269,514,32,6,25,16,12,40,8,2,6,6,4,11,10.935483870967742,2.225806451612903,3.3548387096774195,5.354838709677419,8.67741935483871,16.580645161290324,"iaguis,krnowak,alban,steveeJ,jonboulle,eyakubovich,yifan-gu,ppalucki,sgotti,UserTaken,smileynewbie123,glevand,tixxdz,djenriquez,rushmorem,dwalter,philips,wmark,bcwaldon,justiniac,pbougrier,yujuhong,kbeecher,jcollie,jellonek","Kinvolk,Red Hat,Intel,SORINT.lab,Endocode,Google,Fedora",7,332,97.9351032448377581,"Kinvolk,Red Hat,Intel,SORINT.lab,Endocode,Google,Fedora,Soficom",314,92.6253687315634218,"iaguis,krnowak,alban,jonboulle,eyakubovich,steveeJ","Kinvolk,Red Hat",2,69,100.0000000000000000,"Kinvolk,Red Hat",69,100.0000000000000000,"iaguis,steveeJ,alban,eyakubovich,UserTaken,jonboulle,yifan-gu,smileynewbie123,krnowak,wmark,philips,rushmorem,djenriquez,sgotti,bcwaldon,dwalter,glevand,n0rad,jcollie,LalatenduMohanty,pbougrier,yujuhong,jorjahenderson,aledbf,kazuki","Kinvolk,Red Hat,SORINT.lab,Fedora,Google,Soficom",6,104,100.0000000000000000,"Kinvolk,Red Hat,SORINT.lab,Google,Soficom,Fedora",81,77.8846153846153846,"iaguis,krnowak,alban,eyakubovich,steveeJ,ppalucki,jonboulle,yifan-gu,sgotti,tixxdz,glevand,kbeecher,marekbiskup,justiniac,jellonek,crawford","Kinvolk,Red Hat,Intel,SORINT.lab,Endocode,Google",6,166,100.0000000000000000,"Kinvolk,Red Hat,Intel,SORINT.lab,Endocode,Google",164,98.7951807228915663,"iaguis,krnowak,alban,jonboulle,vcaputo,eyakubovich,steveeJ,yifan-gu,jellonek,sgotti,mjg59,crawford","Kinvolk,Red Hat,Intel,SORINT.lab",4,269,100.0000000000000000,"Kinvolk,Red Hat,SORINT.lab,Intel",264,98.1412639405204461,"iaguis,alban,jonboulle,yifan-gu,krnowak,eyakubovich,sgotti,steveeJ,ppalucki,smileynewbie123,tixxdz,bitshark,rushmorem,glevand,vcaputo,UserTaken,philips,robszumski,wmark,djenriquez,hectorj2f,kontsevoy,n0rad,rimusz,pmorie","Kinvolk,Red Hat,SORINT.lab,Intel,Endocode,Giant Swarm,StackPointCloud",7,498,96.8871595330739300,"Kinvolk,Red Hat,Intel,SORINT.lab,Endocode,Fedora,Giant Swarm,StackPointCloud,Soficom,Google,Pantheon Platform",469,91.2451361867704280
2010,2015-08-01T00:00:00Z,2015-09-01T00:00:00Z,08/2015,31,326,78,82,166,269,501,30,7,22,19,12,42,12,2,9,7,4,13,10.516129032258064,2.5161290322580645,2.6451612903225805,5.354838709677419,8.67741935483871,16.161290322580644,"alban,iaguis,jonboulle,krnowak,steveeJ,yifan-gu,philips,ppalucki,eyakubovich,sgotti,tixxdz,jellonek,linfan,markllama,n0rad,ecnahc515,rushmorem,chrisseto,marineam,jaypipes,luebken,ChengTiesheng,pck,frioux,ibuildthecloud","Kinvolk,Red Hat,Intel,SORINT.lab,Endocode,Tieto,Center for Open Science,Mirantis,Huawei,Rancher",10,321,98.4662576687116564,"Kinvolk,Red Hat,Intel,SORINT.lab,Endocode,Center for Open Science,Tieto,Huawei,Compose,Rancher,Mirantis,Nuance Communications",318,97.5460122699386503,"alban,jonboulle,iaguis,krnowak,steveeJ,eyakubovich,yifan-gu","Kinvolk,Red Hat",2,78,100.0000000000000000,"Kinvolk,Red Hat",78,100.0000000000000000,"alban,jonboulle,iaguis,philips,steveeJ,yifan-gu,linfan,n0rad,rushmorem,ecnahc515,krnowak,eyakubovich,pmorie,ppalucki,nstott,chrisseto,titilambert,pck,frioux,ibuildthecloud,jaypipes,jellonek","Kinvolk,Red Hat,Tieto,Intel,Compose,Center for Open Science,Nuance Communications,Rancher,Mirantis",9,82,100.0000000000000000,"Red Hat,Kinvolk,Intel,Tieto,Rancher,Nuance Communications,Mirantis,Compose,Center for Open Science",74,90.2439024390243902,"alban,iaguis,krnowak,jonboulle,steveeJ,yifan-gu,ppalucki,sgotti,eyakubovich,tixxdz,jellonek,philips,markllama,mjg59,luebken,marineam,robszumski,chrisseto,ChengTiesheng","Kinvolk,Red Hat,Intel,SORINT.lab,Endocode,Center for Open Science,Huawei",7,166,100.0000000000000000,"Kinvolk,Red Hat,Intel,SORINT.lab,Endocode,Huawei,Center for Open Science",166,100.0000000000000000,"krnowak,alban,jonboulle,iaguis,ppalucki,eyakubovich,jellonek,tixxdz,vcaputo,steveeJ,yifan-gu,kbeecher","Kinvolk,Red Hat,Intel,Endocode",4,269,100.0000000000000000,"Kinvolk,Red Hat,Intel,Endocode",263,97.7695167286245353,"alban,jonboulle,iaguis,krnowak,yifan-gu,steveeJ,ppalucki,sgotti,philips,jellonek,eyakubovich,robszumski,jzelinskie,bluepeppers,chrisseto,n0rad,rushmorem,xaduha,nstott,tixxdz,eparis,kbeecher,vcaputo,lsm5,stevenschlansker","Kinvolk,Red Hat,Intel,SORINT.lab,Center for Open Science,Compose,Endocode,Fedora",8,477,95.2095808383233533,"Kinvolk,Red Hat,Intel,SORINT.lab,Endocode,Center for Open Science,Compose,Fedora,Google,Rancher,Mirantis,Tieto,Devops",466,93.0139720558882236
2011,2015-09-01T00:00:00Z,2015-10-01T00:00:00Z,09/2015,30,404,83,120,201,247,719,34,10,27,20,16,39,10,3,9,5,5,10,13.466666666666667,2.7666666666666666,4,6.7,8.233333333333333,23.966666666666665,"jonboulle,iaguis,krnowak,alban,blixtra,steveeJ,yifan-gu,dgonyeo,dongsupark,jellonek,sgotti,vcaputo,n0rad,mjg59,liugenping,tixxdz,rushmorem,eyakubovich,achanda,PrFalken,runningwild,NeilW,jaybuff,ppalucki,nyodas","Red Hat,Kinvolk,Intel,SORINT.lab,Endocode,EMC,nVisium,Cryptic Studios,Schuberg Philis",9,395,97.7722772277227723,"Red Hat,Kinvolk,Intel,SORINT.lab,Endocode,EMC,Cryptic Studios,nVisium,Schuberg Philis,Rancher",382,94.5544554455445545,"jonboulle,iaguis,krnowak,alban,yifan-gu,steveeJ,mjg59,vcaputo,tixxdz,dgonyeo","Red Hat,Kinvolk,Endocode",3,83,100.0000000000000000,"Red Hat,Kinvolk,Endocode",82,98.7951807228915663,"jonboulle,iaguis,blixtra,steveeJ,alban,dgonyeo,n0rad,sgotti,jellonek,liugenping,nyodas,eyakubovich,achanda,PrFalken,NeilW,runningwild,rushmorem,jaybuff,dongsupark,slallema,ibuildthecloud,vcaputo,f0,MikaelCluseau,philips","Red Hat,Kinvolk,SORINT.lab,Intel,Schuberg Philis,EMC,nVisium,Cryptic Studios,Rancher",9,118,98.3333333333333333,"Red Hat,Kinvolk,Intel,SORINT.lab,Cryptic Studios,Schuberg Philis,nVisium,EMC,Rancher",104,86.6666666666666667,"jonboulle,iaguis,krnowak,alban,yifan-gu,blixtra,steveeJ,dgonyeo,dongsupark,jellonek,sgotti,mjg59,vcaputo,tixxdz,marineam,smarvin,samarvin,ppalucki,liugenping,DTadrzak","Red Hat,Kinvolk,Intel,SORINT.lab,Endocode",5,201,100.0000000000000000,"Red Hat,Kinvolk,Intel,Endocode,SORINT.lab",196,97.5124378109452736,"jonboulle,alban,iaguis,krnowak,yifan-gu,sgotti,robszumski,steveeJ,vcaputo,ppalucki,eyakubovich,jellonek,xiang90,dongsupark,vishh,blixtra","Red Hat,Kinvolk,SORINT.lab,Intel,Google",5,247,100.0000000000000000,"Kinvolk,Red Hat,SORINT.lab,Intel,Google",242,97.9757085020242915,"jonboulle,iaguis,yifan-gu,alban,steveeJ,jellonek,sgotti,krnowak,vcaputo,ppalucki,dgonyeo,eyakubovich,blixtra,dongsupark,jaybuff,rushmorem,f0,tixxdz,nyodas,xaduha,marineam,philips,ecnahc515,achanda,MikaelCluseau","Red Hat,Kinvolk,Intel,SORINT.lab,Endocode,Schuberg Philis,EMC",7,701,97.4965229485396384,"Red Hat,Kinvolk,Intel,SORINT.lab,Endocode,Schuberg Philis,EMC,Google,Huawei,Cryptic Studios",670,93.1849791376912378
2012,2015-10-01T00:00:00Z,2015-11-01T00:00:00Z,10/2015,31,462,107,118,237,491,714,27,6,22,16,16,36,8,2,7,4,4,10,14.903225806451612,3.4516129032258065,3.806451612903226,7.645161290322581,15.838709677419354,23.032258064516128,"iaguis,jonboulle,krnowak,alban,vcaputo,steveeJ,blixtra,yifan-gu,dgonyeo,ecnahc515,jaybuff,jellonek,achanda,NeilW,mjibson,gyuho,stevenschlansker,vishvananda,zopyx,kbrownlees,robszumski,astrieanna,derekparker,matthaias,ibuildthecloud","Kinvolk,Red Hat,Intel,EMC,Stack Exchange,Nebula,Peerigon,Rancher",8,460,99.5670995670995671,"Kinvolk,Red Hat,Intel,EMC,Stack Exchange,Rancher,Nebula,Peerigon",422,91.3419913419913420,"iaguis,jonboulle,krnowak,alban,vcaputo,steveeJ","Kinvolk,Red Hat",2,107,100.0000000000000000,"Kinvolk,Red Hat",101,94.3925233644859813,"iaguis,jonboulle,alban,steveeJ,yifan-gu,krnowak,blixtra,jaybuff,dgonyeo,vcaputo,achanda,ecnahc515,NeilW,vishvananda,zopyx,robszumski,matthaias,ibuildthecloud,MikaelCluseau,lewisthompson,mjibson,stevenschlansker","Kinvolk,Red Hat,EMC,Nebula,Peerigon,Rancher,Stack Exchange",7,118,100.0000000000000000,"Kinvolk,Red Hat,EMC,Nebula,Stack Exchange,Rancher,Peerigon",103,87.2881355932203390,"iaguis,jonboulle,krnowak,alban,vcaputo,blixtra,steveeJ,dgonyeo,jellonek,ecnahc515,yifan-gu,gyuho,derekparker,mjibson,astrieanna,kbrownlees","Kinvolk,Red Hat,Intel,Stack Exchange",4,237,100.0000000000000000,"Kinvolk,Red Hat,Intel,Stack Exchange",218,91.9831223628691983,"krnowak,jonboulle,iaguis,alban,steveeJ,yifan-gu,ecnahc515,jellonek,vcaputo,ppalucki,dgonyeo,eyakubovich,robszumski,sgotti,blixtra,astrieanna","Kinvolk,Red Hat,Intel,SORINT.lab",4,491,100.0000000000000000,"Kinvolk,Red Hat,Intel,SORINT.lab",462,94.0936863543788187,"jonboulle,iaguis,alban,krnowak,yifan-gu,steveeJ,vcaputo,jellonek,blixtra,dgonyeo,ecnahc515,jaybuff,robszumski,mjibson,eyakubovich,joshix,ChengTiesheng,MikaelCluseau,sgotti,ibuildthecloud,ppalucki,gyuho,NeilW,markuskobler,blalor","Red Hat,Kinvolk,Intel,Stack Exchange,Huawei,SORINT.lab,Rancher",7,702,98.3193277310924370,"Red Hat,Kinvolk,Intel,Stack Exchange,SORINT.lab,Rancher,Huawei,EMC,Peerigon,Schuberg Philis",647,90.6162464985994398
2013,2015-11-01T00:00:00Z,2015-12-01T00:00:00Z,11/2015,30,292,59,101,132,173,560,32,8,26,15,12,41,13,3,8,8,3,13,9.733333333333333,1.9666666666666666,3.3666666666666667,4.4,5.766666666666667,18.666666666666668,"alban,iaguis,krnowak,jonboulle,yifan-gu,f0,steveeJ,blixtra,vcaputo,mjg59,aaronlevy,philips,adfernandes,rbucker,monstermunchkin,laurchris,slallema,zenlinTechnofreak,emil2k,mikeln,dgonyeo,achanda,onlyjob,n0rad,KarlHerler","Kinvolk,Red Hat,Aperian Global,FICO,SUSE,Huawei,Apcera,Samsung,EMC,Debian,Karl Herler",11,285,97.6027397260273973,"Kinvolk,Red Hat,Aperian Global,FICO,SUSE,EMC,Huawei,Karl Herler,Samsung,Apcera,Apache,Debian,nVisium",264,90.4109589041095890,"iaguis,alban,krnowak,jonboulle,yifan-gu,aaronlevy,vcaputo,steveeJ","Kinvolk,Red Hat,Aperian Global",3,59,100.0000000000000000,"Kinvolk,Red Hat,Aperian Global",58,98.3050847457627119,"alban,iaguis,f0,steveeJ,yifan-gu,jonboulle,krnowak,blixtra,philips,rbucker,slallema,laurchris,mjg59,jaybuff,cyrus-mc,zenlinTechnofreak,liugenping,n0rad,onlyjob,pquerna,yuvadm,crawford,achanda,adfernandes,dgonyeo","Kinvolk,Red Hat,Huawei,Debian,Apache,EMC,FICO",7,100,99.0099009900990099,"Kinvolk,Red Hat,Apache,Samsung,FICO,EMC,Debian,Huawei",77,76.2376237623762376,"alban,iaguis,krnowak,jonboulle,yifan-gu,blixtra,steveeJ,vcaputo,monstermunchkin,aaronlevy,mjg59,adfernandes,KarlHerler,PrFalken,emil2k","Kinvolk,Red Hat,SUSE,Aperian Global,FICO,Karl Herler,nVisium,Apcera",8,132,100.0000000000000000,"Kinvolk,Red Hat,Aperian Global,SUSE,Karl Herler,nVisium,Apcera,FICO",129,97.7272727272727273,"alban,iaguis,krnowak,mjg59,steveeJ,yifan-gu,blixtra,jellonek,jonboulle,dgonyeo,vcaputo,eyakubovich","Kinvolk,Red Hat,Intel",3,173,100.0000000000000000,"Kinvolk,Red Hat,Intel",171,98.8439306358381503,"alban,iaguis,jonboulle,krnowak,yifan-gu,steveeJ,vcaputo,blixtra,f0,adfernandes,jellonek,onlyjob,yuvadm,dgonyeo,jaybuff,mjg59,mikeln,liugenping,laurchris,philips,ecnahc515,rbucker,robszumski,pquerna,n0rad","Kinvolk,Red Hat,FICO,Intel,Debian,Samsung,Apache",7,540,96.4285714285714286,"Kinvolk,Red Hat,Intel,FICO,Debian,Samsung,SUSE,Apache,Huawei,EMC,Aperian Global,Apcera,Fedora",496,88.5714285714285714
2014,2015-12-01T00:00:00Z,2016-01-01T00:00:00Z,12/2015,31,268,63,70,135,637,460,32,8,22,18,18,32,9,2,5,6,5,10,8.64516129032258,2.032258064516129,2.2580645161290325,4.354838709677419,20.548387096774192,14.838709677419354,"alban,jonboulle,krnowak,iaguis,yifan-gu,steveeJ,dgonyeo,liugenping,blalor,derekparker,xelatex,pbx0,vicentfg,joshix,robszumski,jcollie,brianredbeard,vreon,philips,Snaveena,vCloudernBeer,tcyrus,ericchiang,ecnahc515,il9ue","Kinvolk,Red Hat,Fedora,Discogs,SAP",5,261,97.3880597014925373,"Kinvolk,Red Hat,SUSE,nVisium,Intel,Fedora,Discogs,Aperian Global,SAP",254,94.7761194029850746,"jonboulle,alban,iaguis,krnowak,yifan-gu,steveeJ,dgonyeo,joshix","Red Hat,Kinvolk",2,63,100.0000000000000000,"Kinvolk,Red Hat",63,100.0000000000000000,"alban,jonboulle,iaguis,steveeJ,krnowak,yifan-gu,dgonyeo,vicentfg,robszumski,blalor,pbx0,f0,PrFalken,ericchiang,ecnahc515,brianredbeard,vreon,philips,xelatex,Snaveena,jcollie,crawford","Kinvolk,Red Hat,nVisium,Discogs,Fedora",5,70,100.0000000000000000,"Kinvolk,Red Hat,Fedora,Discogs,nVisium",62,88.5714285714285714,"alban,krnowak,jonboulle,iaguis,steveeJ,yifan-gu,dgonyeo,liugenping,derekparker,tcyrus,vCloudernBeer,joshix,xelatex,il9ue,wlodekb,aaronlevy,monstermunchkin,blixtra","Kinvolk,Red Hat,SAP,Intel,Aperian Global,SUSE",6,135,100.0000000000000000,"Kinvolk,Red Hat,SAP,SUSE,Aperian Global,Intel",129,95.5555555555555556,"krnowak,alban,iaguis,joshix,jonboulle,steveeJ,yifan-gu,blixtra,jellonek,liugenping,ecnahc515,xiang90,dgonyeo,mjg59,blalor,fasaxc,monstermunchkin,vcaputo","Kinvolk,Red Hat,Intel,Tigera,SUSE",5,637,100.0000000000000000,"Kinvolk,Red Hat,Intel,SUSE,Tigera",622,97.6452119309262166,"alban,jonboulle,krnowak,iaguis,yifan-gu,steveeJ,dgonyeo,jellonek,vcaputo,ecnahc515,f0,joshix,aaronlevy,PrFalken,pbx0,xelatex,robszumski,blalor,blixtra,onlyjob,vicentfg,derekparker,liugenping,vishh,brianredbeard","Kinvolk,Red Hat,Intel,Aperian Global,nVisium,Debian,Google",7,453,98.4782608695652174,"Kinvolk,Red Hat,Intel,Aperian Global,nVisium,Debian,Huawei,Google,Fedora,Tigera",429,93.2608695652173913
2015,2016-01-01T00:00:00Z,2016-02-01T00:00:00Z,01/2016,31,348,72,101,175,436,670,33,8,26,22,17,45,11,2,8,8,6,14,11.225806451612904,2.3225806451612905,3.2580645161290325,5.645161290322581,14.064516129032258,21.612903225806452,"iaguis,jonboulle,alban,krnowak,yifan-gu,blixtra,joshix,steveeJ,mischief,tomdee,il9ue,dgonyeo,achanda,derekparker,robszumski,yorickvP,fourcube,mstachowski,f0,thockin,lsm5,crawford,blakelapierre,raisch,wlodekb","Kinvolk,Red Hat,Siemens,Tigera,SAP,EMC,Google,Fedora,Intel",9,340,97.7011494252873563,"Kinvolk,Red Hat,Siemens,Tigera,SAP,EMC,Intel,SUSE,Schuberg Philis,Google,Fedora",332,95.4022988505747126,"iaguis,alban,jonboulle,krnowak,yifan-gu,joshix,derekparker,steveeJ","Kinvolk,Red Hat",2,72,100.0000000000000000,"Kinvolk,Red Hat",72,100.0000000000000000,"iaguis,jonboulle,alban,krnowak,yifan-gu,mischief,yorickvP,steveeJ,tomdee,dgonyeo,achanda,blixtra,f0,theonlydoo,ecnahc515,derekparker,robszumski,raisch,crawford,lsm5,Snaveena,mstachowski,thockin,nyodas,fourcube","Kinvolk,Red Hat,Siemens,Tigera,EMC,Fedora,Google,Schuberg Philis",8,100,99.0099009900990099,"Kinvolk,Red Hat,Siemens,EMC,Tigera,Schuberg Philis,Google,Fedora",90,89.1089108910891089,"iaguis,alban,jonboulle,krnowak,yifan-gu,blixtra,joshix,steveeJ,il9ue,tomdee,derekparker,robszumski,mischief,achanda,dgonyeo,wlodekb,vcaputo,fourcube,mstachowski,monstermunchkin,dankm,blakelapierre","Kinvolk,Red Hat,SAP,Tigera,Siemens,EMC,Intel,SUSE",8,175,100.0000000000000000,"Kinvolk,Red Hat,SAP,Tigera,EMC,Siemens,Intel,SUSE",170,97.1428571428571429,"krnowak,alban,iaguis,jonboulle,blixtra,steveeJ,joshix,ppalucki,yifan-gu,derekparker,mstachowski,achanda,jellonek,dankm,ecnahc515,il9ue,monstermunchkin","Kinvolk,Red Hat,Intel,EMC,SAP,SUSE",6,436,100.0000000000000000,"Kinvolk,Red Hat,Intel,EMC,SUSE,SAP",430,98.6238532110091743,"iaguis,alban,jonboulle,krnowak,yifan-gu,steveeJ,blixtra,jellonek,dgonyeo,mischief,joshix,il9ue,robszumski,thockin,derekparker,tomdee,monstermunchkin,achanda,zhq527725,wlodekb,ecnahc515,lsm5,rhatdan,vcaputo,yorickvP","Kinvolk,Red Hat,Intel,Siemens,SAP,Google,Tigera,SUSE,EMC,Fedora",10,642,95.8208955223880597,"Kinvolk,Red Hat,Intel,Tigera,Google,Siemens,SAP,SUSE,Fedora,EMC,Gravitational,SORINT.lab,Clarifai,Samsung",641,95.6716417910447761
2016,2016-02-01T00:00:00Z,2016-03-01T00:00:00Z,02/2016,29,434,93,128,213,434,663,61,7,43,33,23,59,17,2,13,8,5,16,14.96551724137931,3.206896551724138,4.413793103448276,7.344827586206897,14.96551724137931,22.862068965517242,"iaguis,jonboulle,alban,krnowak,joshix,yifan-gu,blixtra,mstachowski,steveeJ,achanda,EtienneBruines,robszumski,philips,crawford,marineam,tomdee,thedrow,charliedrage,blalor,dgonyeo,ecnahc515,zopyx,nstott,lsm5,fiorix","Kinvolk,Red Hat,EMC,Tigera,Compose,Fedora",6,394,90.7834101382488479,"Kinvolk,Red Hat,EMC,Intel,Fedora,Tigera,Compose,SUSE,Google,Mirantis,appOrbit,CrypTag,Debian,Uber,SAP,Siemens,StackPointCloud",393,90.5529953917050691,"iaguis,jonboulle,alban,krnowak,joshix,robszumski,dgonyeo","Kinvolk,Red Hat",2,93,100.0000000000000000,"Kinvolk,Red Hat",93,100.0000000000000000,"alban,iaguis,jonboulle,yifan-gu,EtienneBruines,achanda,steveeJ,krnowak,crawford,charliedrage,blalor,tomdee,marineam,slallema,ecnahc515,nstott,mstachowski,zopyx,kbrwn,polvi,thedrow,vbatts,joshix,bk138,joeatwork","Kinvolk,Red Hat,EMC,Tigera,Compose",5,110,85.9375000000000000,"Kinvolk,Red Hat,EMC,Tigera,Compose,StackPointCloud,appOrbit,CrypTag,Debian,Fedora,Google,Siemens,Uber",99,77.3437500000000000,"iaguis,jonboulle,alban,krnowak,joshix,blixtra,mstachowski,philips,robszumski,mpatelcz,lsm5,thedrow,dgonyeo,ericchiang,BenjaminHerbert,dghubble,achanda,artem-sidorenko,fiorix,kbrwn,nhlfr,plietar,TheMRod,mjg59,marineam","Kinvolk,Red Hat,Intel,Fedora,EMC,Mirantis",6,205,96.2441314553990610,"Kinvolk,Red Hat,Intel,Fedora,Mirantis,EMC,SUSE,SAP",201,94.3661971830985915,"alban,krnowak,iaguis,jonboulle,joshix,steveeJ,robszumski,mstachowski,ppalucki,jellonek,wlodekb,monstermunchkin,blixtra,marineam,BrianHicks,il9ue,fiorix,ericchiang,philips,yifan-gu,ronin13,dgonyeo,derekparker","Kinvolk,Red Hat,Intel,SUSE,SAP",5,434,100.0000000000000000,"Kinvolk,Red Hat,Intel,SUSE,SAP",425,97.9262672811059908,"alban,iaguis,jonboulle,krnowak,jellonek,joshix,steveeJ,slallema,yifan-gu,blixtra,marineam,crawford,charliedrage,mstachowski,il9ue,achanda,robszumski,dgonyeo,muayyad-alsadi,onlyjob,lsm5,zopyx,elimisteve,johnae,ecnahc515","Kinvolk,Red Hat,Intel,SAP,EMC,Debian,Fedora,CrypTag",8,604,91.1010558069381599,"Kinvolk,Red Hat,Intel,Fedora,EMC,SAP,Debian,CrypTag,SUSE,Compose,Google,appOrbit,Mirantis,Schuberg Philis,Siemens,Gaikai",586,88.3861236802413273
2017,2016-03-01T00:00:00Z,2016-04-01T00:00:00Z,03/2016,31,276,61,79,136,243,520,39,4,27,24,13,54,8,2,8,5,4,14,8.903225806451612,1.967741935483871,2.5483870967741935,4.387096774193548,7.838709677419355,16.774193548387096,"iaguis,alban,jonboulle,krnowak,yifan-gu,bb4242,joshix,jellonek,sjpotter,Wilybald,sgotti,mstachowski,rhatdan,steveeJ,n0rad,wlodekb,achanda,alex-ta,sengaya,antipax,jonypawks,philips,korzonek,rwarren,dgonyeo","Kinvolk,Red Hat,Airware,Intel,appOrbit,SORINT.lab,EMC",7,262,94.9275362318840580,"Kinvolk,Red Hat,Intel,Airware,appOrbit,SORINT.lab,EMC,Debian",252,91.3043478260869565,"iaguis,jonboulle,alban,krnowak","Kinvolk,Red Hat",2,61,100.0000000000000000,"Kinvolk,Red Hat",61,100.0000000000000000,"alban,iaguis,jonboulle,yifan-gu,sjpotter,bb4242,achanda,n0rad,Wilybald,jellonek,krnowak,alex-ta,tv42,barakmich,rwarren,ehernandez-xk,onlyjob,antipax,jonypawks,philips,f0,wlodekb,steveeJ,lessless,sgotti","Kinvolk,Red Hat,appOrbit,Airware,EMC,Intel,Debian,SORINT.lab",8,77,97.4683544303797468,"Kinvolk,Red Hat,appOrbit,Intel,Airware,EMC,SORINT.lab,Debian",64,81.0126582278481013,"iaguis,alban,krnowak,jonboulle,yifan-gu,joshix,mstachowski,rhatdan,sgotti,marineam,jellonek,wlodekb,steveeJ,sengaya,castillobg,dgonyeo,mpatelcz,blixtra,korzonek,xiang90,bb4242,0xbzho,Wilybald,martinp","Kinvolk,Red Hat,SORINT.lab,Intel,Airware",5,136,100.0000000000000000,"Kinvolk,Red Hat,Intel,SORINT.lab,Airware",127,93.3823529411764706,"alban,iaguis,krnowak,jonboulle,jellonek,yifan-gu,Wilybald,mstachowski,wlodekb,steveeJ,blixtra,sjpotter,joshix","Kinvolk,Red Hat,Intel,appOrbit",4,243,100.0000000000000000,"Kinvolk,Red Hat,Intel,appOrbit",231,95.0617283950617284,"alban,iaguis,jonboulle,krnowak,jellonek,yifan-gu,steveeJ,mstachowski,bb4242,rhatdan,dgonyeo,philips,sgotti,sjpotter,wlodekb,n0rad,robszumski,f0,Wilybald,BrianHicks,cubbasa,john2x,mpatelcz,pieterlange,brianredbeard","Kinvolk,Red Hat,Intel,Airware,SORINT.lab,appOrbit,PTLC",7,486,93.4615384615384615,"Kinvolk,Red Hat,Intel,Airware,SORINT.lab,appOrbit,Fedora,PTLC,Debian,Google,Ada,SAP,Uber,EMC",474,91.1538461538461538
2018,2016-04-01T00:00:00Z,2016-05-01T00:00:00Z,04/2016,30,426,86,143,197,682,933,37,10,25,26,23,56,12,2,10,8,6,17,14.2,2.8666666666666667,4.766666666666667,6.566666666666666,22.733333333333334,31.1,"iaguis,alban,jonboulle,tmrts,s-urbaniak,yifan-gu,steveeJ,jellonek,sjpotter,sgotti,krnowak,mstachowski,joshix,pskrzyns,mikedanese,zopyx,dgonyeo,anguslees,jjlakis,onlyjob,wlodekb,euank,dcbw,bwalex,errordeveloper","Kinvolk,Red Hat,Intel,appOrbit,SORINT.lab,Google,Bulletproof,Debian,Weaveworks",9,414,97.1830985915492958,"Kinvolk,Red Hat,Intel,appOrbit,SORINT.lab,Google,Bulletproof,Debian,Oteemo,Weaveworks,Compose,Adidas",379,88.9671361502347418,"iaguis,alban,jonboulle,s-urbaniak,tmrts,yifan-gu,steveeJ,krnowak,joshix,dgonyeo","Kinvolk,Red Hat",2,86,100.0000000000000000,"Kinvolk,Red Hat",83,96.5116279069767442,"alban,iaguis,jonboulle,tmrts,yifan-gu,s-urbaniak,sjpotter,jellonek,pskrzyns,steveeJ,zopyx,mikedanese,onlyjob,sgotti,nstott,rcorrear,ltagliamonte,UserTaken,krnowak,omkensey,blixtra,mstachowski,anguslees,euank,acasajus","Kinvolk,Red Hat,appOrbit,Intel,Google,Debian,SORINT.lab,Compose,Oteemo,Bulletproof",10,143,100.0000000000000000,"Kinvolk,Red Hat,Intel,appOrbit,Google,SORINT.lab,Debian,Compose,Oteemo,Bulletproof",124,86.7132867132867133,"iaguis,alban,jonboulle,tmrts,s-urbaniak,yifan-gu,steveeJ,jellonek,sgotti,krnowak,joshix,mstachowski,jjlakis,dgonyeo,wlodekb,0xbzho,lucab,anguslees,errordeveloper,bwalex,ecnahc515,sjpotter,euank,dghubble,PI-Victor","Kinvolk,Red Hat,Intel,SORINT.lab,Bulletproof,Weaveworks,appOrbit,Adidas",8,196,99.4923857868020305,"Kinvolk,Red Hat,Intel,SORINT.lab,Weaveworks,Adidas,Bulletproof,appOrbit",172,87.3096446700507614,"alban,s-urbaniak,iaguis,jonboulle,tmrts,krnowak,jellonek,sgotti,joshix,steveeJ,euank,yifan-gu,mstachowski,sjpotter,jjlakis,robszumski,dgonyeo,ecnahc515,bwalex,Wilybald,wlodekb,anguslees,blixtra","Kinvolk,Red Hat,Intel,SORINT.lab,appOrbit,Bulletproof",6,682,100.0000000000000000,"Kinvolk,Red Hat,Intel,SORINT.lab,appOrbit,Bulletproof",616,90.3225806451612903,"alban,jonboulle,iaguis,s-urbaniak,yifan-gu,jellonek,tmrts,krnowak,sgotti,euank,sjpotter,steveeJ,dgonyeo,onlyjob,mstachowski,zopyx,lorddaedra,bwalex,wlodekb,dcbw,pskrzyns,mikedanese,josephschorr,blixtra,philips","Kinvolk,Red Hat,Intel,SORINT.lab,appOrbit,Debian,Google",7,879,94.2122186495176849,"Red Hat,Kinvolk,Intel,SORINT.lab,appOrbit,Debian,Google,Bulletproof,Microsoft,Peerigon,Aperian Global,Apache,SUSE,University of Queensland,Wikimedia Foundation,Weaveworks,Compose",844,90.4608788853161844
2019,2016-05-01T00:00:00Z,2016-06-01T00:00:00Z,05/2016,31,469,100,132,237,472,1109,51,10,36,30,24,63,17,2,14,9,5,18,15.129032258064516,3.225806451612903,4.258064516129032,7.645161290322581,15.225806451612904,35.774193548387096,"iaguis,jonboulle,tmrts,alban,lucab,s-urbaniak,jellonek,yifan-gu,steveeJ,matthaias,blixtra,wlodekb,joshix,dgonyeo,pskrzyns,krnowak,jjlakis,GrappigPanda,euank,nhlfr,marineam,philips,tjdett,robszumski,mzylowski","Kinvolk,Red Hat,Intel,Peerigon,Mirantis,University of Queensland",6,440,93.8166311300639659,"Red Hat,Kinvolk,Intel,Peerigon,Mirantis,Contap,University of Queensland,Siemens,SORINT.lab,Uber,Schuberg Philis,Google,Giant Swarm,Gaikai,Debian,Compose,appOrbit",392,83.5820895522388060,"iaguis,jonboulle,tmrts,alban,lucab,s-urbaniak,yifan-gu,steveeJ,krnowak,joshix","Kinvolk,Red Hat",2,100,100.0000000000000000,"Red Hat,Kinvolk",84,84.0000000000000000,"iaguis,jonboulle,alban,tmrts,lucab,s-urbaniak,pskrzyns,jellonek,yifan-gu,philips,blixtra,tjdett,wlodekb,nyodas,matthaias,steveeJ,artem-sidorenko,sgotti,kevinjdolan,mikedanese,f0,onlyjob,cvasseur,euank,n0rad","Kinvolk,Red Hat,Intel,University of Queensland,Schuberg Philis,Peerigon,SORINT.lab,Google,Debian",9,121,91.6666666666666667,"Red Hat,Kinvolk,Intel,University of Queensland,Mirantis,Uber,SORINT.lab,Siemens,Schuberg Philis,Peerigon,Google,Giant Swarm,Debian,Compose",112,84.8484848484848485,"iaguis,jonboulle,tmrts,alban,lucab,s-urbaniak,matthaias,steveeJ,jellonek,dgonyeo,yifan-gu,blixtra,wlodekb,joshix,jjlakis,GrappigPanda,krnowak,nhlfr,mzylowski,marineam,mstachowski,farazfazli,robszumski,euank,gyuho","Kinvolk,Red Hat,Peerigon,Intel,Mirantis,Contap",6,232,97.8902953586497890,"Red Hat,Kinvolk,Intel,Peerigon,Contap,Mirantis,Gaikai,appOrbit,Siemens",196,82.7004219409282700,"iaguis,alban,jonboulle,tmrts,lucab,s-urbaniak,jellonek,wlodekb,yifan-gu,euank,mstachowski,jjlakis,dgonyeo,matthaias,joshix,steveeJ,blixtra,mzylowski,bwalex,kdomanski,sgotti,mjg59,krnowak,Nekdo","Kinvolk,Red Hat,Intel,Peerigon,SORINT.lab",5,472,100.0000000000000000,"Kinvolk,Red Hat,Intel,Peerigon,SORINT.lab",402,85.1694915254237288,"iaguis,jonboulle,alban,jellonek,tmrts,lucab,s-urbaniak,yifan-gu,pskrzyns,philips,steveeJ,matthaias,dgonyeo,sjpotter,euank,blixtra,jjlakis,tjdett,wlodekb,artem-sidorenko,mstachowski,GrappigPanda,f0,hectorj2f,joshix","Kinvolk,Red Hat,Intel,Peerigon,appOrbit,University of Queensland,Giant Swarm",7,1028,92.6961226330027051,"Red Hat,Kinvolk,Intel,Peerigon,appOrbit,University of Queensland,Google,Giant Swarm,Uber,Microsoft,Debian,Mirantis,Compose,Schuberg Philis,SORINT.lab,Siemens,Adidas,Aperian Global",978,88.1875563570784491
2020,2016-06-01T00:00:00Z,2016-07-01T00:00:00Z,06/2016,30,315,68,89,158,358,797,47,9,29,31,28,59,11,2,6,10,5,16,10.5,2.2666666666666666,2.966666666666667,5.266666666666667,11.933333333333334,26.566666666666666,"lucab,alban,s-urbaniak,jonboulle,iaguis,tmrts,yifan-gu,alepuccetti,joshix,dgonyeo,steveeJ,euank,achanda,dghubble,mzylowski,jjlakis,krnowak,lukasredynk,anguslees,0xAX,glevand,slallema,crawford,ae6rt,ecnahc515","Red Hat,Kinvolk,EMC,Intel,Bulletproof,Travelping,PayPal",7,293,93.0158730158730159,"Red Hat,Kinvolk,Intel,EMC,Travelping,PayPal,Bulletproof,Radicore AB,SUSE,Peerigon,Honestbee",280,88.8888888888888889,"lucab,alban,s-urbaniak,jonboulle,tmrts,iaguis,joshix,dgonyeo,krnowak","Red Hat,Kinvolk",2,68,100.0000000000000000,"Red Hat,Kinvolk",63,92.6470588235294118,"alban,yifan-gu,lucab,s-urbaniak,jonboulle,tmrts,alepuccetti,steveeJ,iaguis,dghubble,euank,slallema,lsjostro,joshix,chrisfarms,philips,ae6rt,btipling,dongsupark,legeyda,Rosco-github,cdancy,achanda,Andrei-Pozolotin,win-t","Kinvolk,Red Hat,Radicore AB,PayPal,EMC",5,85,95.5056179775280899,"Red Hat,Kinvolk,PayPal,Radicore AB,Intel,EMC",73,82.0224719101123596,"lucab,alban,jonboulle,iaguis,s-urbaniak,tmrts,dgonyeo,joshix,alepuccetti,steveeJ,lukasredynk,achanda,jjlakis,glevand,yifan-gu,0xAX,mzylowski,crawford,anguslees,sym3tri,matthaias,blixtra,krnowak,monstermunchkin,mike1729","Red Hat,Kinvolk,Intel,EMC,Travelping,Bulletproof,Peerigon,SUSE",8,152,96.2025316455696203,"Red Hat,Kinvolk,Intel,Travelping,Bulletproof,EMC,Peerigon,Honestbee,PayPal,SUSE",144,91.1392405063291139,"alban,s-urbaniak,lucab,krnowak,joshix,jjlakis,steveeJ,iaguis,jonboulle,glevand,jellonek,dgonyeo,lukasredynk,euank,philips,alepuccetti,sdboyer,Erdk,tmrts,runcom,matthaias,squeed,blixtra,mzylowski,marineam","Kinvolk,Red Hat,Intel,Peerigon",4,355,99.1620111731843575,"Red Hat,Kinvolk,Intel,Peerigon,Travelping",323,90.2234636871508380,"lucab,s-urbaniak,alban,jonboulle,iaguis,tmrts,jellonek,steveeJ,alepuccetti,yifan-gu,jjlakis,euank,pskrzyns,dgonyeo,glevand,joshix,krnowak,achanda,ecnahc515,sgotti,mzylowski,squeed,blixtra,philips,f0","Red Hat,Kinvolk,Intel,EMC,SORINT.lab",5,737,92.4717691342534504,"Red Hat,Kinvolk,Intel,EMC,SORINT.lab,Peerigon,PayPal,Bulletproof,Google,SUSE,Aperian Global,Contap,Debian,imgix,University of Queensland,Travelping",689,86.4491844416562108
2021,2016-07-01T00:00:00Z,2016-08-01T00:00:00Z,07/2016,31,356,67,121,168,474,987,43,10,30,27,26,59,14,2,11,8,7,16,11.483870967741936,2.161290322580645,3.903225806451613,5.419354838709677,15.290322580645162,31.838709677419356,"iaguis,s-urbaniak,alban,tmrts,squeed,yifan-gu,lucab,sgotti,Andrei-Pozolotin,alepuccetti,steveeJ,Quentin-M,euank,jonboulle,eyakubovich,cancan101,0xAX,jjlakis,omkensey,glevand,joshix,elimisteve,monstermunchkin,onlyjob,dkrzyszczyk","Kinvolk,Red Hat,SORINT.lab,Travelping,Oteemo,CrypTag,SUSE,Debian,Intel",9,338,94.9438202247191011,"Red Hat,Kinvolk,SORINT.lab,Intel,Travelping,SUSE,Debian,Oteemo,CrypTag,Huawei,University of Queensland,imgix,ThoughtWorks,AD/FIN",309,86.7977528089887640,"iaguis,s-urbaniak,alban,lucab,squeed,tmrts,yifan-gu,jonboulle,steveeJ,joshix","Kinvolk,Red Hat",2,67,100.0000000000000000,"Kinvolk,Red Hat",65,97.0149253731343284,"iaguis,s-urbaniak,tmrts,Andrei-Pozolotin,squeed,Quentin-M,alban,lucab,sgotti,yifan-gu,eyakubovich,euank,cancan101,alepuccetti,steveeJ,omkensey,elimisteve,onlyjob,pbx0,jonboulle,mtanski,brianredbeard,f0,lorddaedra,jellonek","Kinvolk,Red Hat,SORINT.lab,Oteemo,CrypTag,Debian,AD/FIN,Intel",8,116,95.8677685950413223,"Red Hat,Kinvolk,SORINT.lab,CrypTag,Oteemo,Debian,AD/FIN,Huawei,Intel,University of Queensland,Travelping",93,76.8595041322314050,"iaguis,s-urbaniak,yifan-gu,alban,tmrts,squeed,lucab,sgotti,alepuccetti,steveeJ,jonboulle,jjlakis,monstermunchkin,0xAX,glevand,robszumski,akshaykarle,euank,discordianfish,dkrzyszczyk,pskrzyns,krnowak,joshix,lukasredynk,john-pettigrew","Kinvolk,Red Hat,SORINT.lab,SUSE,Travelping,ThoughtWorks,imgix,Intel",8,166,98.8095238095238095,"Kinvolk,Red Hat,SORINT.lab,Intel,Travelping,SUSE,ThoughtWorks,imgix",151,89.8809523809523810,"iaguis,alban,s-urbaniak,lucab,tmrts,sgotti,jonboulle,joshix,euank,krnowak,yifan-gu,steveeJ,squeed,alepuccetti,jjlakis,dgonyeo,pskrzyns,monstermunchkin,lukasredynk,blixtra,mischief,vcaputo,akshaykarle,gtrevg,robszumski","Kinvolk,Red Hat,SORINT.lab,Intel,SUSE,Siemens,ThoughtWorks",7,473,99.7890295358649789,"Red Hat,Kinvolk,SORINT.lab,Intel,ThoughtWorks,Siemens,SUSE",430,90.7172995780590717,"iaguis,lucab,alban,s-urbaniak,yifan-gu,jonboulle,sgotti,tmrts,squeed,euank,dgonyeo,Andrei-Pozolotin,jjlakis,Quentin-M,alepuccetti,steveeJ,f0,jellonek,krnowak,glevand,discordianfish,pskrzyns,john-pettigrew,tjdett,timothysc","Kinvolk,Red Hat,SORINT.lab,Intel,imgix,University of Queensland",6,921,93.3130699088145897,"Red Hat,Kinvolk,SORINT.lab,Intel,imgix,University of Queensland,CrypTag,ThoughtWorks,Google,SUSE,Debian,Robert Koch-institut,PayPal,AD/FIN,Huawei,OPES Software",862,87.3353596757852077
2022,2016-08-01T00:00:00Z,2016-09-01T00:00:00Z,08/2016,31,350,73,105,172,401,760,48,8,41,28,25,57,18,2,17,10,6,18,11.290322580645162,2.3548387096774195,3.3870967741935485,5.548387096774194,12.935483870967742,24.516129032258064,"lucab,iaguis,s-urbaniak,alban,euank,jonboulle,HuKeping,yifan-gu,krnowak,sgotti,achanda,tjdett,0xAX,vcaputo,dghubble,tmrts,squeed,andir,squat,dgonyeo,mzylowski,alepuccetti,hamhut1066,ae6rt,meganuke19","Red Hat,Kinvolk,Huawei,SORINT.lab,EMC,University of Queensland,Travelping,National Geographic,Intel,MappingBook,PayPal",11,327,93.4285714285714286,"Red Hat,Kinvolk,Huawei,SORINT.lab,University of Queensland,EMC,Travelping,National Geographic,Intel,PayPal,MappingBook,Radicore AB,Siemens,Devops,Alternative Storage,Compose,Debian,Tigera",331,94.5714285714285714,"lucab,iaguis,s-urbaniak,alban,jonboulle,euank,krnowak,dgonyeo","Red Hat,Kinvolk",2,73,100.0000000000000000,"Red Hat,Kinvolk",73,100.0000000000000000,"lucab,s-urbaniak,yifan-gu,iaguis,sgotti,alban,jonboulle,squat,HuKeping,ae6rt,tmrts,euank,achanda,dghubble,vcaputo,tjdett,tgeoghegan,anas-aso,pskrzyns,mzylowski,hightoxicity,b-ramsey,andir,robszumski,onlyjob","Red Hat,Kinvolk,SORINT.lab,National Geographic,Huawei,PayPal,EMC,University of Queensland,Intel,Debian",10,89,84.7619047619047619,"Red Hat,Kinvolk,SORINT.lab,Huawei,National Geographic,PayPal,Intel,EMC,Devops,University of Queensland,Travelping,Tigera,Siemens,Radicore AB,Debian,MappingBook,Compose",92,87.6190476190476190,"lucab,iaguis,s-urbaniak,euank,HuKeping,alban,krnowak,jonboulle,tjdett,sgotti,yifan-gu,0xAX,achanda,andir,squeed,nak3,genedna,dm0-,vcaputo,jmarley,hamhut1066,dghubble,dgonyeo,tmrts,LiliC","Red Hat,Kinvolk,Huawei,University of Queensland,SORINT.lab,Travelping,EMC,Alternative Storage,MappingBook",9,169,98.2558139534883721,"Red Hat,Kinvolk,Huawei,SORINT.lab,University of Queensland,Travelping,EMC,Alternative Storage,MappingBook,Intel",166,96.5116279069767442,"lucab,s-urbaniak,iaguis,sgotti,jonboulle,alban,tmrts,yifan-gu,euank,steveeJ,joshix,krnowak,jellonek,dgonyeo,pskrzyns,HuKeping,alepuccetti,andir,dghubble,vcaputo,Wilybald,mzylowski,jjlakis,0xAX,mjg59","Red Hat,Kinvolk,SORINT.lab,Intel,Huawei,Travelping",6,401,100.0000000000000000,"Red Hat,Kinvolk,SORINT.lab,Intel,Huawei,Travelping",370,92.2693266832917706,"lucab,s-urbaniak,jonboulle,iaguis,sgotti,euank,alban,yifan-gu,tmrts,krnowak,squeed,jellonek,HuKeping,tjdett,monder,mzylowski,philips,steveeJ,pskrzyns,lsm5,dgonyeo,0xAX,l1x,joshix,alepuccetti","Red Hat,Kinvolk,SORINT.lab,Intel,Huawei,University of Queensland,Fedora,Travelping",8,711,93.5526315789473684,"Red Hat,Kinvolk,SORINT.lab,Intel,Huawei,University of Queensland,Fedora,Travelping,National Geographic,PayPal,Compose,Radicore AB,Devops,Debian,OPES Software,EMC,Apache,MappingBook",702,92.3684210526315789
2023,2016-09-01T00:00:00Z,2016-10-01T00:00:00Z,09/2016,30,271,69,69,133,214,515,42,8,26,24,11,54,12,2,8,6,3,15,9.033333333333333,2.3,2.3,4.433333333333334,7.133333333333334,17.166666666666668,"s-urbaniak,lucab,yifan-gu,squeed,jonboulle,iaguis,alban,jjlakis,lorddaedra,euank,tjdett,philips,akermu,jellonek,spoonben,TerraTech,alepuccetti,krnowak,Quentin-M,JulienBalestra,pbx0,BlauerHunger,tomdee,JackieKu,dansteen","Red Hat,Kinvolk,University of Queensland,Intel,Futurequest,42 Tech,Tigera",7,254,93.7269372693726937,"Red Hat,Kinvolk,University of Queensland,Futurequest,42 Tech,Intel,Verizon,EMC,Huawei,Siemens,Tigera,WSO2",245,90.4059040590405904,"s-urbaniak,lucab,squeed,iaguis,jonboulle,yifan-gu,krnowak,philips","Red Hat,Kinvolk",2,69,100.0000000000000000,"Red Hat,Kinvolk",69,100.0000000000000000,"s-urbaniak,lucab,yifan-gu,lorddaedra,squeed,euank,jonboulle,tjdett,TerraTech,Quentin-M,JulienBalestra,steveeJ,BlauerHunger,HuKeping,akermu,mischief,robszumski,ajanthan,iaguis,thattommyhall,utahcon,cmpitg,steeef,dansteen,JackieKu","Red Hat,University of Queensland,Futurequest,42 Tech,Huawei,Siemens,WSO2,Kinvolk",8,68,98.5507246376811594,"Red Hat,University of Queensland,42 Tech,Futurequest,Kinvolk,Siemens,WSO2,Huawei",56,81.1594202898550725,"s-urbaniak,yifan-gu,lucab,squeed,alban,jjlakis,jonboulle,iaguis,alepuccetti,spoonben,jellonek,achanda,philips,krnowak,naveensrinivasan,aaronjwood,andir,pbx0,bordeltabernacle,tomdee,charliedrage,dmarcoux,akermu,dgonyeo","Red Hat,Kinvolk,Intel,EMC,Verizon,Tigera",6,133,100.0000000000000000,"Red Hat,Kinvolk,Intel,EMC,Tigera,Verizon",120,90.2255639097744361,"s-urbaniak,lucab,squeed,yifan-gu,alban,alepuccetti,jonboulle,jellonek,iaguis,krnowak,euank","Red Hat,Kinvolk,Intel",3,214,100.0000000000000000,"Red Hat,Kinvolk,Intel",214,100.0000000000000000,"s-urbaniak,lucab,yifan-gu,jonboulle,squeed,jellonek,alban,iaguis,jjlakis,euank,lorddaedra,philips,TerraTech,achanda,sgotti,Quentin-M,kushaldas,JulienBalestra,alepuccetti,lsm5,monder,krnowak,mzylowski,pbx0,matthaias","Red Hat,Intel,Kinvolk,Futurequest,EMC,SORINT.lab,42 Tech,Fedora,Peerigon",9,479,93.0097087378640777,"Red Hat,Kinvolk,Intel,Futurequest,EMC,SORINT.lab,42 Tech,Fedora,Huawei,Nebula,Peerigon,Siemens,AD/FIN,Verizon,OPES Software",465,90.2912621359223301
2024,2016-10-01T00:00:00Z,2016-11-01T00:00:00Z,10/2016,31,198,44,56,98,105,360,36,5,20,23,10,47,10,1,4,8,4,14,6.387096774193548,1.4193548387096775,1.8064516129032258,3.161290322580645,3.3870967741935485,11.612903225806452,"s-urbaniak,lucab,squeed,jonboulle,euank,joshix,Crosse,hahaveryfun,philips,tjdett,gyuho,0xAX,kfirufk,ElijahCaine,lorddaedra,grep-stripe,dgonyeo,nhlfr,mjg59,jvns,jellonek,yifan-gu,jadekler,b-ramsey,Advil-Robin","Red Hat,FireEye,University of Queensland,Travelping,Mirantis,Intel,Pivotal",7,187,94.4444444444444444,"Red Hat,FireEye,Travelping,Intel,University of Queensland,Mirantis,Fedora,IBM,Pivotal,Unbounce",181,91.4141414141414141,"s-urbaniak,lucab,squeed,jonboulle,joshix",Red Hat,1,44,100.0000000000000000,Red Hat,44,100.0000000000000000,"s-urbaniak,lucab,squeed,jonboulle,gyuho,grep-stripe,kfirufk,euank,Crosse,lorddaedra,tjdett,grepory,mjg59,pbx0,ErnestG4,b-ramsey,jadekler,yifan-gu,philips,dgonyeo","Red Hat,FireEye,University of Queensland,Pivotal",4,56,100.0000000000000000,"Red Hat,University of Queensland,FireEye,Pivotal",47,83.9285714285714286,"lucab,s-urbaniak,squeed,jonboulle,euank,joshix,0xAX,hahaveryfun,ElijahCaine,aakash135,lukasredynk,evverx,Advil-Robin,Crosse,philips,lucasallan,leitao,lsm5,jellonek,jvns,nhlfr,navickas12,garyzhao63","Red Hat,Travelping,Intel,FireEye,Unbounce,IBM,Fedora,Mirantis",8,98,100.0000000000000000,"Red Hat,Intel,Travelping,Fedora,Unbounce,FireEye,IBM,Mirantis",90,91.8367346938775510,"lucab,ElijahCaine,joshix,s-urbaniak,squeed,jonboulle,euank,nhlfr,discordianfish,iaguis","Red Hat,Mirantis,imgix,Kinvolk",4,105,100.0000000000000000,"Red Hat,Mirantis,imgix,Kinvolk",105,100.0000000000000000,"lucab,s-urbaniak,squeed,jonboulle,tjdett,euank,jellonek,lukasredynk,jjlakis,lorddaedra,Quentin-M,charliedrage,nhlfr,joshix,discordianfish,pskrzyns,mzylowski,iaguis,philips,lucasallan,JackieKu,alepuccetti,leitao,Crosse,kfirufk","Red Hat,University of Queensland,Intel,Mirantis,imgix,Kinvolk,Unbounce,IBM,FireEye",9,336,93.3333333333333333,"Red Hat,Intel,University of Queensland,Kinvolk,Mirantis,imgix,Unbounce,IBM,FireEye,Fedora,Travelping,Pivotal,Loodse,Google",330,91.6666666666666667
2025,2016-11-01T00:00:00Z,2016-12-01T00:00:00Z,11/2016,30,257,55,85,117,241,393,29,7,23,14,11,42,8,1,6,4,4,10,8.566666666666666,1.8333333333333333,2.8333333333333335,3.9,8.033333333333333,13.1,"lucab,s-urbaniak,squeed,euank,jonboulle,dansteen,lukasredynk,philips,evverx,jason-riddle,joshix,bison,gyuho,lorddaedra,jaohaohsuan,trusch,ErnestG4,nijaru,tusharkarkera,TerraTech,blalor,kurojishi,namsral,grepory,monstermunchkin","Red Hat,Intel,Virginia Tech,Futurequest,SUSE",5,253,98.4435797665369650,"Red Hat,Intel,Virginia Tech,Futurequest,AD/FIN,Infoxchange,SUSE,Unbounce",239,92.9961089494163424,"lucab,s-urbaniak,jonboulle,squeed,euank,philips,joshix",Red Hat,1,55,100.0000000000000000,Red Hat,55,100.0000000000000000,"lucab,s-urbaniak,squeed,dansteen,euank,jonboulle,jason-riddle,evverx,gyuho,jaohaohsuan,trusch,ErnestG4,lukasredynk,tusharkarkera,SamSaffron,philips,mtanski,blalor,wmark,grepory,namsral,lorddaedra,TerraTech","Red Hat,Virginia Tech,Intel,Infoxchange,AD/FIN,Futurequest",6,85,100.0000000000000000,"Red Hat,Virginia Tech,AD/FIN,Futurequest,Infoxchange,Intel",70,82.3529411764705882,"lucab,s-urbaniak,squeed,euank,jonboulle,lukasredynk,bison,nijaru,philips,lucasallan,joshix,monstermunchkin,evverx,kurojishi","Red Hat,Intel,Unbounce,SUSE",4,117,100.0000000000000000,"Red Hat,Intel,Unbounce,SUSE",114,97.4358974358974359,"s-urbaniak,lucab,jonboulle,squeed,euank,krnowak,Crosse,lucasallan,ElijahCaine,brancz,yifan-gu","Red Hat,Kinvolk,FireEye,Unbounce",4,241,100.0000000000000000,"Red Hat,Kinvolk,FireEye,Unbounce",241,100.0000000000000000,"lucab,s-urbaniak,squeed,euank,jonboulle,lucasallan,evverx,lukasredynk,namsral,lorddaedra,jjlakis,grahamwhaley,TerraTech,h0tbird,joshix,dansteen,philips,trusch,achanda,Crosse,jaohaohsuan,kurojishi,benjumanji,blalor,mtanski","Red Hat,Unbounce,Intel,Futurequest,Softonic,EMC,FireEye,AD/FIN",8,376,95.6743002544529262,"Red Hat,Intel,Unbounce,Futurequest,Softonic,EMC,FireEye,AD/FIN,Mirantis,Virginia Tech",343,87.2773536895674300
2026,2016-12-01T00:00:00Z,2017-01-01T00:00:00Z,12/2016,31,155,31,42,82,87,283,25,5,19,11,6,37,8,1,5,4,1,10,5,1,1.3548387096774193,2.6451612903225805,2.806451612903226,9.129032258064516,"lucab,squeed,s-urbaniak,euank,jonboulle,0xAX,grahamwhaley,jodh-intel,monder,mjg59,alban,philips,theRemix,onlyjob,SchwarzM,achermes,n0rad,waisbrot,ecnahc515,talon-hartmann,jingxu97,abrodersen,dansteen,dm0-,jakon89","Red Hat,Travelping,Intel,Kinvolk,Debian,SAP,Google,Egnyte",8,155,100.0000000000000000,"Red Hat,Intel,Travelping,Debian,SAP,Kinvolk,Egnyte,Google",143,92.2580645161290323,"lucab,squeed,s-urbaniak,jonboulle,euank",Red Hat,1,31,100.0000000000000000,Red Hat,31,100.0000000000000000,"s-urbaniak,euank,squeed,philips,theRemix,monder,onlyjob,SchwarzM,achermes,lucab,jingxu97,dansteen,talon-hartmann,jakon89,jonboulle,ecnahc515,abrodersen,waisbrot,n0rad","Red Hat,Debian,SAP,Google,Egnyte",5,42,100.0000000000000000,"Red Hat,Debian,SAP,Google,Egnyte",30,71.4285714285714286,"squeed,lucab,s-urbaniak,jonboulle,euank,jodh-intel,0xAX,grahamwhaley,alban,mjg59,dm0-","Red Hat,Intel,Travelping,Kinvolk",4,82,100.0000000000000000,"Red Hat,Intel,Travelping,Kinvolk",82,100.0000000000000000,"s-urbaniak,lucab,euank,squeed,jonboulle,evverx",Red Hat,1,87,100.0000000000000000,Red Hat,86,98.8505747126436782,"lucab,euank,squeed,s-urbaniak,jonboulle,grahamwhaley,jodh-intel,SamYaple,alban,evverx,Quentin-M,mjg59,kushaldas,philips,jjlakis,h0tbird,achermes,0xAX,houstar,blalor,ecnahc515,onlyjob,n0rad,lukasredynk,crawford","Red Hat,Intel,Kinvolk,Softonic,Travelping,Debian",6,271,95.7597173144876325,"Red Hat,Intel,Kinvolk,Softonic,Travelping,Debian,42 Tech,Google,imgix,SAP",253,89.3992932862190813
2027,2017-01-01T00:00:00Z,2017-02-01T00:00:00Z,01/2017,31,179,38,53,88,74,419,30,5,21,17,9,42,9,1,6,6,2,13,5.774193548387097,1.2258064516129032,1.7096774193548387,2.838709677419355,2.3870967741935485,13.516129032258064,"lucab,s-urbaniak,squeed,jonboulle,euank,dgonyeo,grahamwhaley,ybubnov,jodh-intel,alban,evverx,dariko,0xAX,ElijahCaine,nri-pl,blalor,nijaru,mxinden,fryckbos,tjdett,uzytkownik,cab105,f0,mischief,mbr","Red Hat,Intel,Kinvolk,Travelping,CoScale,University of Queensland,CABNetworks,Siemens",8,174,97.2067039106145251,"Red Hat,Intel,Kinvolk,Travelping,CABNetworks,Egnyte,University of Queensland,Siemens,CoScale",160,89.3854748603351955,"lucab,s-urbaniak,jonboulle,squeed,dgonyeo",Red Hat,1,38,100.0000000000000000,Red Hat,38,100.0000000000000000,"lucab,s-urbaniak,squeed,jodh-intel,blalor,jonboulle,dariko,evverx,nri-pl,glevand,uzytkownik,diptanu,alban,mbr,tjdett,f0,mischief,dgonyeo,flx42,grahamwhaley,fryckbos","Red Hat,Intel,Kinvolk,University of Queensland,Siemens,CoScale",6,53,100.0000000000000000,"Red Hat,Intel,Kinvolk,Siemens,University of Queensland,CoScale",39,73.5849056603773585,"lucab,s-urbaniak,squeed,euank,jonboulle,ybubnov,grahamwhaley,dgonyeo,ElijahCaine,0xAX,nijaru,cab105,alban,jakon89,schu,jodh-intel,mxinden","Red Hat,Intel,Travelping,CABNetworks,Kinvolk,Egnyte",6,88,100.0000000000000000,"Red Hat,Intel,Travelping,Kinvolk,Egnyte,CABNetworks",83,94.3181818181818182,"s-urbaniak,lucab,squeed,jonboulle,ybubnov,joshix,euank,dgonyeo,0xAX","Red Hat,Travelping",2,74,100.0000000000000000,"Red Hat,Travelping",70,94.5945945945945946,"lucab,s-urbaniak,jonboulle,squeed,grahamwhaley,ybubnov,euank,ElijahCaine,dgonyeo,jodh-intel,evverx,redbaron,nri-pl,flx42,blalor,alban,pskrzyns,jjlakis,jakon89,kfirufk,mjg59,Promaethius,lsm5,elimisteve,cab105","Red Hat,Intel,Telemetry.com,Kinvolk,Egnyte,Fedora,CrypTag,CABNetworks",8,402,95.9427207637231504,"Red Hat,Intel,Telemetry.com,Fedora,Kinvolk,Egnyte,CrypTag,Google,Endocode,Siemens,CABNetworks,Travelping,University of Queensland",367,87.5894988066825776
2028,2017-02-01T00:00:00Z,2017-03-01T00:00:00Z,02/2017,28,73,16,21,36,6,101,20,2,14,7,4,23,5,1,5,2,2,4,2.607142857142857,0.5714285714285714,0.75,1.2857142857142858,0.21428571428571427,3.607142857142857,"lucab,squeed,s-urbaniak,omribahumi,ybubnov,trusch,ErwanMAS,jeremyd,derobert,wmark,f0,jaypipes,tjdett,n0rad,d33tah,jodh-intel,styxlab,evverx,grahamwhaley,cshubhamrao","Red Hat,Checkr,Mirantis,University of Queensland,Intel",5,73,100.0000000000000000,"Red Hat,Intel,University of Queensland,Checkr,Mirantis",57,78.0821917808219178,"lucab,squeed",Red Hat,1,16,100.0000000000000000,Red Hat,16,100.0000000000000000,"lucab,omribahumi,styxlab,trusch,ErwanMAS,jeremyd,n0rad,tjdett,d33tah,jaypipes,wmark,derobert,f0,jodh-intel","Red Hat,Checkr,University of Queensland,Mirantis,Intel",5,21,100.0000000000000000,"Red Hat,Checkr,Intel,Mirantis,University of Queensland",10,47.6190476190476190,"lucab,squeed,ybubnov,s-urbaniak,grahamwhaley,cshubhamrao,evverx","Red Hat,Intel",2,36,100.0000000000000000,"Red Hat,Intel",31,86.1111111111111111,"squeed,ybubnov,cab105,lucab","Red Hat,CABNetworks",2,6,100.0000000000000000,"Red Hat,CABNetworks",4,66.6666666666666667,"lucab,s-urbaniak,squeed,timothysc,grahamwhaley,ybubnov,cshubhamrao,trusch,euank,ahmetb,evverx,dgonyeo,styxlab,jodh-intel,urzds,yifan-gu,alban,ElijahCaine,cznic,jellonek,n0rad,thattommyhall,daurnimator","Red Hat,Intel,Google,Kinvolk",4,101,100.0000000000000000,"Red Hat,Intel,Google,Kinvolk",80,79.2079207920792079
2029,2017-03-01T00:00:00Z,2017-04-01T00:00:00Z,03/2017,31,47,8,11,28,26,110,21,3,8,15,8,33,3,1,1,3,2,7,1.5161290322580645,0.25806451612903225,0.3548387096774194,0.9032258064516129,0.8387096774193549,3.5483870967741935,"lucab,philips,jonboulle,squeed,shobhit85,euank,kfirufk,daurnimator,jwieringa,trusch,zmedico,natlibfi-arlehiko,Vintodrimmer,alban,uzytkownik,marineam,pgburt,sargun,dm0-,ErwanMAS,dgonyeo","Red Hat,Gaikai,Kinvolk",3,47,100.0000000000000000,"Red Hat,Gaikai,Kinvolk",34,72.3404255319148936,"lucab,jonboulle,philips",Red Hat,1,8,100.0000000000000000,Red Hat,8,100.0000000000000000,"lucab,kfirufk,daurnimator,uzytkownik,squeed,natlibfi-arlehiko,Vintodrimmer,ErwanMAS",Red Hat,1,11,100.0000000000000000,Red Hat,3,27.2727272727272727,"philips,lucab,jonboulle,shobhit85,euank,marineam,zmedico,trusch,dgonyeo,dm0-,sargun,pgburt,squeed,jwieringa,alban","Red Hat,Gaikai,Kinvolk",3,28,100.0000000000000000,"Red Hat,Gaikai,Kinvolk",23,82.1428571428571429,"lucab,trusch,squeed,alban,euank,schu,pgburt,ybubnov","Red Hat,Kinvolk",2,26,100.0000000000000000,"Red Hat,Kinvolk",19,73.0769230769230769,"lucab,euank,shobhit85,squeed,kfirufk,ErwanMAS,jonboulle,daurnimator,uzytkownik,philips,trusch,timthelion,glevand,wmark,ybubnov,antoineco,zmedico,grahamwhaley,mtrmac,mehlleniumfalke,jodh-intel,zkynet,dashesy,dm0-,aaronjheng","Red Hat,Sap Hybrids,Gaikai,Intel",4,102,92.7272727272727273,"Red Hat,Intel,Sap Hybrids,SugarCRM,Google,Gaikai,Kinvolk",69,62.7272727272727273
2030,2017-04-01T00:00:00Z,2017-05-01T00:00:00Z,04/2017,30,81,10,40,31,7,182,30,3,21,14,4,32,9,1,5,5,2,10,2.7,0.3333333333333333,1.3333333333333333,1.0333333333333334,0.23333333333333334,6.066666666666666,"jonboulle,lucab,euank,tesujimath,trusch,XtinaJ,brianredbeard,h0tbird,jeremyd,squeed,alban,mrschyte,pnpavlov,fabiokung,Xenopathic,zozo6015,fryckbos,ljohnny,dockhero,wmark,vovayartsev,tjdett,fwilson42,sstabellini,ravibhure","Red Hat,Softonic,Checkr,Kinvolk,Caelum,CoScale,University of Queensland",7,76,93.8271604938271605,"Red Hat,Softonic,Checkr,Kinvolk,CNCF,Virginia Tech,University of Queensland,CoScale,Caelum",51,62.9629629629629630,"lucab,jonboulle,euank",Red Hat,1,10,100.0000000000000000,Red Hat,10,100.0000000000000000,"tesujimath,euank,trusch,brianredbeard,jeremyd,h0tbird,mrschyte,pnpavlov,hh,lucab,Huge,wmark,vovayartsev,tjdett,squeed,ravibhure,Xenopathic,jason-riddle,zozo6015,dockhero,ljohnny","Red Hat,Checkr,Softonic,University of Queensland,Virginia Tech",5,40,100.0000000000000000,"Red Hat,Softonic,Checkr,University of Queensland,Virginia Tech",16,40.0000000000000000,"jonboulle,lucab,XtinaJ,euank,alban,trusch,caniszczyk,brianredbeard,fabiokung,vbatts,squeed,fwilson42,sstabellini,fryckbos","Red Hat,Kinvolk,CNCF,Caelum,CoScale",5,31,100.0000000000000000,"Red Hat,Kinvolk,Caelum,CNCF,CoScale",25,80.6451612903225806,"euank,grahamwhaley,lucab,jonboulle","Red Hat,Intel",2,7,100.0000000000000000,"Red Hat,Intel",7,100.0000000000000000,"lucab,euank,tesujimath,squeed,ravibhure,trusch,jonboulle,sstabellini,fryckbos,ljohnny,h0tbird,fabiokung,alban,cyphar,gfyrag,mrschyte,tjdett,Xenopathic,ChrisBuchholz,dchen1107,grahamwhaley,ybubnov,dm0-,glevand,jodh-intel","Red Hat,CoScale,Softonic,Caelum,Kinvolk,SUSE/Novell,University of Queensland,Google,Intel",9,175,96.1538461538461538,"Red Hat,CoScale,Caelum,Softonic,Kinvolk,Intel,SUSE/Novell,University of Queensland,Checkr,Google",118,64.8351648351648352
2031,2017-05-01T00:00:00Z,2017-06-01T00:00:00Z,05/2017,31,68,20,19,29,15,112,19,5,10,12,4,34,4,1,2,3,1,7,2.193548387096774,0.6451612903225806,0.6129032258064516,0.9354838709677419,0.4838709677419355,3.6129032258064515,"lucab,sstabellini,glevand,tesujimath,euank,trusch,fabiokung,raeesbhatti,Ryn3r,dgonyeo,ybubnov,squeed,n0rad,alban,dm0-,blalor,radhikapc,pmatts,ptbrowne","Red Hat,Caelum,Kinvolk,Hupp",4,68,100.0000000000000000,"Red Hat,Caelum,Kinvolk,Hupp",42,61.7647058823529412,"lucab,sstabellini,dgonyeo,squeed,euank",Red Hat,1,20,100.0000000000000000,Red Hat,14,70.0000000000000000,"lucab,tesujimath,Ryn3r,n0rad,blalor,alban,pmatts,raeesbhatti,trusch,euank","Red Hat,Kinvolk",2,19,100.0000000000000000,"Red Hat,Kinvolk",8,42.1052631578947368,"lucab,glevand,trusch,ybubnov,fabiokung,ptbrowne,dgonyeo,euank,squeed,dm0-,raeesbhatti,radhikapc","Red Hat,Caelum,Hupp",3,29,100.0000000000000000,"Red Hat,Caelum,Hupp",20,68.9655172413793103,"euank,lucab,s-urbaniak,trusch",Red Hat,1,15,100.0000000000000000,Red Hat,14,93.3333333333333333,"lucab,trusch,squeed,euank,blalor,tesujimath,sstabellini,ybubnov,fabiokung,alban,jwieringa,jonboulle,radhikapc,Raffo,pmatts,bcg62,ravibhure,dgonyeo,cyphar,alekssaul,kallisti5,mgoltzsche,BlauerHunger,lorddaedra,jumanjiman","Red Hat,Caelum,Kinvolk,Zalando,SUSE/Novell",5,103,91.9642857142857143,"Red Hat,Kinvolk,Caelum,Zalando,42 Tech,SUSE/Novell,Intel",68,60.7142857142857143
2032,2017-06-01T00:00:00Z,2017-07-01T00:00:00Z,06/2017,30,98,15,42,41,42,217,18,3,14,11,9,29,5,1,3,4,4,7,3.2666666666666666,0.5,1.4,1.3666666666666667,1.4,7.233333333333333,"lucab,Shashwatsh,squeed,tesujimath,fabiokung,sstabellini,zozo6015,trusch,arianvp,glevand,kfirufk,alban,moonek,JulienBalestra,yuchangyuan,TerraTech,comcast-david,bgilbert","Red Hat,Caelum,Kinvolk,42 Tech,Futurequest",5,98,100.0000000000000000,"Red Hat,Caelum,Futurequest,Kinvolk,42 Tech",58,59.1836734693877551,"lucab,squeed,sstabellini",Red Hat,1,15,100.0000000000000000,Red Hat,13,86.6666666666666667,"lucab,Shashwatsh,tesujimath,squeed,zozo6015,arianvp,kfirufk,moonek,TerraTech,fabiokung,glevand,yuchangyuan,trusch,comcast-david","Red Hat,Futurequest,Caelum",3,42,100.0000000000000000,"Red Hat,Futurequest,Caelum",15,35.7142857142857143,"lucab,fabiokung,squeed,Shashwatsh,tesujimath,sstabellini,trusch,JulienBalestra,glevand,bgilbert,alban","Red Hat,Caelum,42 Tech,Kinvolk",4,41,100.0000000000000000,"Red Hat,Caelum,Kinvolk,42 Tech",30,73.1707317073170732,"lucab,tesujimath,euank,ybubnov,squeed,JulienBalestra,glevand,alban,fabiokung","Red Hat,42 Tech,Kinvolk,Caelum",4,42,100.0000000000000000,"Red Hat,42 Tech,Kinvolk,Caelum",33,78.5714285714285714,"lucab,tesujimath,fabiokung,trusch,Shashwatsh,arianvp,squeed,sstabellini,euank,glevand,kfirufk,oberstet,raeesbhatti,pmatts,yuchangyuan,alban,JulienBalestra,moonek,bcg62,grahamwhaley,xiemeilong,zozo6015,dgonyeo,ybubnov,wenjianhn","Red Hat,Caelum,Kinvolk,42 Tech,Intel,Letv Cloud Computing",6,213,98.1566820276497696,"Red Hat,Caelum,Kinvolk,Fedora,Letv Cloud Computing,Intel,42 Tech",118,54.3778801843317972
2033,2017-07-01T00:00:00Z,2017-08-01T00:00:00Z,07/2017,31,58,12,25,21,12,110,17,2,13,7,5,27,5,1,4,4,3,7,1.8709677419354838,0.3870967741935484,0.8064516129032258,0.6774193548387096,0.3870967741935484,3.5483870967741935,"lucab,Shashwatsh,kirek007,taqtiqa-mark,fabiokung,glevand,sstabellini,ae6rt,ravibhure,uzytkownik,alban,philips,Trumancassady,kfirufk,smathev,hectorj,dm0-","Red Hat,BlaBlaCar,Caelum,PayPal,Kinvolk",5,58,100.0000000000000000,"Red Hat,BlaBlaCar,Caelum,PayPal,Kinvolk",39,67.2413793103448276,"lucab,sstabellini",Red Hat,1,12,100.0000000000000000,Red Hat,11,91.6666666666666667,"lucab,Shashwatsh,taqtiqa-mark,alban,Trumancassady,kfirufk,smathev,hectorj,kirek007,ravibhure,ae6rt,philips,uzytkownik","Red Hat,Kinvolk,BlaBlaCar,PayPal",4,25,100.0000000000000000,"Red Hat,BlaBlaCar,PayPal,Kinvolk",10,40.0000000000000000,"lucab,fabiokung,glevand,kirek007,sstabellini,dm0-,ae6rt","Red Hat,Caelum,BlaBlaCar,PayPal",4,21,100.0000000000000000,"Red Hat,Caelum,BlaBlaCar,PayPal",18,85.7142857142857143,"jellonek,tesujimath,lucab,fabiokung,squeed","Intel,Red Hat,Caelum",3,12,100.0000000000000000,"Intel,Red Hat,Caelum",9,75.0000000000000000,"lucab,fabiokung,squeed,tesujimath,glevand,kirek007,Shashwatsh,ae6rt,youtux,taqtiqa-mark,hectorj,iaguis,lizrice,bandresen,evverx,sanmai-NL,trusch,smathev,alban,jellonek,sstabellini,nxxnx,mweinelt,honnix,jwieringa","Red Hat,Caelum,BlaBlaCar,PayPal,Kinvolk,Liz Rice,Intel",7,108,98.1818181818181818,"Red Hat,Caelum,BlaBlaCar,PayPal,Kinvolk,Liz Rice,Intel",74,67.2727272727272727
2034,2017-08-01T00:00:00Z,2017-09-01T00:00:00Z,08/2017,31,49,10,17,22,23,77,19,4,14,9,6,26,5,2,2,5,4,8,1.5806451612903225,0.3225806451612903,0.5483870967741935,0.7096774193548387,0.7419354838709677,2.4838709677419355,"lucab,squeed,fabiokung,iaguis,tesujimath,pppKin,sanicheev,sstabellini,ybubnov,sanmai-NL,akanshajain1,nri-pl,lorddaedra,JulienBalestra,rbjorklin,kallisti5,taqtiqa-mark,mildred,Nekdo","Red Hat,Caelum,Kinvolk,Nemo.ai,42 Tech",5,49,100.0000000000000000,"Red Hat,Caelum,Kinvolk,Nemo.ai,42 Tech",34,69.3877551020408163,"lucab,squeed,iaguis,sstabellini","Red Hat,Kinvolk",2,10,100.0000000000000000,"Red Hat,Kinvolk",9,90.0000000000000000,"lucab,squeed,taqtiqa-mark,akanshajain1,mildred,kallisti5,nri-pl,rbjorklin,sanmai-NL,Nekdo,tesujimath,lorddaedra,pppKin,sanicheev","Red Hat,Nemo.ai",2,17,100.0000000000000000,"Red Hat,Nemo.ai",6,35.2941176470588235,"lucab,fabiokung,squeed,iaguis,sanicheev,ybubnov,tesujimath,pppKin,JulienBalestra","Red Hat,Caelum,Kinvolk,Nemo.ai,42 Tech",5,22,100.0000000000000000,"Red Hat,Caelum,Kinvolk,Nemo.ai,42 Tech",19,86.3636363636363636,"lucab,jellonek,ybubnov,pppKin,JulienBalestra,iaguis","Red Hat,Intel,42 Tech,Kinvolk",4,23,100.0000000000000000,"Red Hat,Intel,42 Tech,Kinvolk",18,78.2608695652173913,"lucab,iaguis,sanicheev,squeed,fabiokung,pppKin,rbjorklin,sanmai-NL,jellonek,euank,dm0-,nri-pl,JulienBalestra,lizrice,akanshajain1,tesujimath,cirocosta,smathev,koflerdavid,taqtiqa-mark,cpuguy83,youtux,arianvp,karai17,voxadam","Red Hat,Kinvolk,Nemo.ai,Caelum,Intel,42 Tech,Liz Rice,Docker",8,76,98.7012987012987013,"Red Hat,Kinvolk,Nemo.ai,Caelum,Intel,42 Tech,Liz Rice,Docker",54,70.1298701298701299
2035,2017-09-01T00:00:00Z,2017-10-01T00:00:00Z,09/2017,30,82,21,18,43,66,97,14,4,8,8,6,24,4,2,3,3,2,8,2.7333333333333334,0.7,0.6,1.4333333333333333,2.2,3.2333333333333334,"iaguis,lucab,alban,nhlfr,glevand,dm0-,sstabellini,dimas,squeed,jeremyd,JulienBalestra,natlibfi-arlehiko,indradhanush,euank","Kinvolk,Red Hat,Checkr,42 Tech",4,82,100.0000000000000000,"Kinvolk,Red Hat,42 Tech,Checkr",75,91.4634146341463415,"iaguis,lucab,alban,sstabellini","Kinvolk,Red Hat",2,21,100.0000000000000000,"Kinvolk,Red Hat",20,95.2380952380952381,"iaguis,alban,nhlfr,euank,natlibfi-arlehiko,jeremyd,dimas,dm0-","Kinvolk,Red Hat,Checkr",3,18,100.0000000000000000,"Kinvolk,Red Hat,Checkr",16,88.8888888888888889,"iaguis,lucab,alban,nhlfr,glevand,indradhanush,squeed,JulienBalestra","Kinvolk,Red Hat,42 Tech",3,43,100.0000000000000000,"Kinvolk,Red Hat,42 Tech",39,90.6976744186046512,"iaguis,alban,lucab,nhlfr,indradhanush,euank","Kinvolk,Red Hat",2,66,100.0000000000000000,"Kinvolk,Red Hat",61,92.4242424242424242,"lucab,iaguis,alban,nhlfr,glevand,indradhanush,dimas,squeed,blixtra,sanicheev,discordianfish,mixmastamyk,serverwentdown,jeremyd,lucasallan,miku,towo,jwieringa,tjdett,navaati,jellonek,natlibfi-arlehiko,euank,ybubnov","Red Hat,Kinvolk,Nemo.ai,MakerForce,Checkr,Unbounce,University of Queensland,Intel",8,97,100.0000000000000000,"Red Hat,Kinvolk,Nemo.ai,Checkr,MakerForce,Unbounce,University of Queensland,Intel",77,79.3814432989690722
2036,2017-10-01T00:00:00Z,2017-11-01T00:00:00Z,10/2017,31,60,12,14,34,16,65,16,2,7,12,3,19,3,2,3,2,2,3,1.935483870967742,0.3870967741935484,0.45161290322580644,1.096774193548387,0.5161290322580645,2.096774193548387,"iaguis,lucab,glevand,pkmiec,loginakhil,ybubnov,daledude,euank,goncalor,dvrkps,dongsupark,caniszczyk,bison,steveeJ,dm0-,Shashwatsh","Kinvolk,Red Hat,CNCF",3,60,100.0000000000000000,"Kinvolk,Red Hat,CNCF",42,70.0000000000000000,"iaguis,lucab","Kinvolk,Red Hat",2,12,100.0000000000000000,"Kinvolk,Red Hat",12,100.0000000000000000,"iaguis,pkmiec,daledude,euank,loginakhil,caniszczyk,lucab","Kinvolk,Red Hat,CNCF",3,14,100.0000000000000000,"Kinvolk,Red Hat,CNCF",8,57.1428571428571429,"iaguis,lucab,glevand,ybubnov,goncalor,bison,loginakhil,Shashwatsh,dongsupark,dm0-,dvrkps,steveeJ","Kinvolk,Red Hat",2,34,100.0000000000000000,"Red Hat,Kinvolk",22,64.7058823529411765,"iaguis,nhlfr,alban","Kinvolk,Red Hat",2,16,100.0000000000000000,"Kinvolk,Red Hat",16,100.0000000000000000,"iaguis,lucab,pkmiec,glevand,euank,nhlfr,squeed,ybubnov,shobhit85,ohjames,daledude,natlibfi-arlehiko,sanicheev,loginakhil,kallisti5,indradhanush,dghubble,blixtra,mathstuf","Kinvolk,Red Hat,Nemo.ai",3,65,100.0000000000000000,"Red Hat,Kinvolk,Nemo.ai",38,58.4615384615384615
2037,2017-11-01T00:00:00Z,2017-12-01T00:00:00Z,11/2017,30,71,16,22,33,33,65,9,2,6,5,4,20,3,1,2,2,2,4,2.3666666666666667,0.5333333333333333,0.7333333333333333,1.1,1.1,2.1666666666666665,"iaguis,alban,sch00lb0y,samm81,arizvisa,Pennyzct,chrisco484,elimisteve,johscheuer","Kinvolk,CrypTag,Inovex",3,71,100.0000000000000000,"Kinvolk,Inovex,CrypTag",65,91.5492957746478873,"iaguis,alban",Kinvolk,1,16,100.0000000000000000,Kinvolk,16,100.0000000000000000,"iaguis,alban,arizvisa,Pennyzct,johscheuer,chrisco484","Kinvolk,Inovex",2,22,100.0000000000000000,"Kinvolk,Inovex",19,86.3636363636363636,"iaguis,alban,sch00lb0y,samm81,elimisteve","Kinvolk,CrypTag",2,33,100.0000000000000000,"Kinvolk,CrypTag",30,90.9090909090909091,"alban,iaguis,squeed,lucab","Kinvolk,Red Hat",2,33,100.0000000000000000,"Kinvolk,Red Hat",33,100.0000000000000000,"iaguis,alban,sch00lb0y,squeed,jyouchan,lucab,glevand,natlibfi-arlehiko,Pennyzct,arizvisa,elimisteve,samm81,fhackenberger,nathwill,sanicheev,dghubble,slallema,blixtra,develar,jonathanunderwood","Kinvolk,Red Hat,CrypTag,Nemo.ai",4,65,100.0000000000000000,"Kinvolk,Red Hat,CrypTag,Nemo.ai",42,64.6153846153846154
2038,2017-12-01T00:00:00Z,2018-01-01T00:00:00Z,12/2017,31,47,6,21,20,5,34,10,2,6,6,2,17,4,2,2,4,2,5,1.5161290322580645,0.1935483870967742,0.6774193548387096,0.6451612903225806,0.16129032258064516,1.096774193548387,"iaguis,daledude,dungeonmaster18,squeed,alban,uzytkownik,sch00lb0y,ohjames,samm81,fabiokung","Kinvolk,Docker,Red Hat,Caelum",4,47,100.0000000000000000,"Kinvolk,Docker,Red Hat,Caelum",39,82.9787234042553191,"iaguis,squeed","Kinvolk,Red Hat",2,6,100.0000000000000000,"Kinvolk,Red Hat",6,100.0000000000000000,"iaguis,daledude,alban,ohjames,dungeonmaster18,uzytkownik","Kinvolk,Docker",2,21,100.0000000000000000,"Kinvolk,Docker",15,71.4285714285714286,"iaguis,dungeonmaster18,samm81,sch00lb0y,squeed,fabiokung","Kinvolk,Docker,Red Hat,Caelum",4,20,100.0000000000000000,"Kinvolk,Docker,Red Hat,Caelum",18,90.0000000000000000,"steveeJ,iaguis","Red Hat,Kinvolk",2,5,100.0000000000000000,"Red Hat,Kinvolk",5,100.0000000000000000,"iaguis,dungeonmaster18,ohjames,cyphar,alban,sch00lb0y,mprasil,daledude,jyouchan,uzytkownik,elij,fabiokung,theonewolf,jellonek,erickeller,discordianfish,glevand","Kinvolk,Docker,SUSE/Novell,Caelum,Intel",5,34,100.0000000000000000,"Kinvolk,Docker,SUSE/Novell,Caelum,Intel",18,52.9411764705882353
2039,2018-01-01T00:00:00Z,2018-02-01T00:00:00Z,01/2018,31,70,20,20,30,54,64,10,3,6,5,5,16,3,2,1,3,2,4,2.2580645161290325,0.6451612903225806,0.6451612903225806,0.967741935483871,1.7419354838709677,2.064516129032258,"iaguis,squeed,krnowak,bacher09,pkmiec,ohjames,zhsj,najamelan,glevand,dvoita","Kinvolk,Red Hat,UMCloud",3,70,100.0000000000000000,"Kinvolk,Red Hat,UMCloud",64,91.4285714285714286,"iaguis,krnowak,squeed","Kinvolk,Red Hat",2,20,100.0000000000000000,"Kinvolk,Red Hat",20,100.0000000000000000,"iaguis,pkmiec,dvoita,najamelan,bacher09,glevand",Kinvolk,1,20,100.0000000000000000,Kinvolk,15,75.0000000000000000,"iaguis,ohjames,squeed,zhsj,krnowak","Kinvolk,Red Hat,UMCloud",3,30,100.0000000000000000,"Kinvolk,UMCloud,Red Hat",29,96.6666666666666667,"alban,iaguis,lucab,ohjames,jonboulle","Kinvolk,Red Hat",2,54,100.0000000000000000,"Kinvolk,Red Hat",53,98.1481481481481481,"iaguis,glevand,blixtra,ohjames,alban,sch00lb0y,jwieringa,krnowak,squeed,sstabellini,vielmetti,lucab,siavashs,elimisteve,fhackenberger,rhatdan","Kinvolk,Red Hat,Catawiki,CrypTag",4,64,100.0000000000000000,"Kinvolk,Red Hat,CrypTag,Catawiki",44,68.7500000000000000
2040,2018-02-01T00:00:00Z,2018-03-01T00:00:00Z,02/2018,28,15,1,8,6,0,29,13,1,7,6,0,11,5,1,2,3,0,3,0.5357142857142857,0.03571428571428571,0.2857142857142857,0.21428571428571427,0,1.0357142857142858,"pkmiec,squeed,celskeggs,fabiokung,alban,hwoarang,zhsj,bgilbert,iaguis,nri-pl,dvoita,pracplayopen,danielmotaleite","Red Hat,Caelum,Kinvolk,SUSE,UMCloud",5,15,100.0000000000000000,"Red Hat,Kinvolk,UMCloud,SUSE,Caelum",8,53.3333333333333333,squeed,Red Hat,1,1,100.0000000000000000,Red Hat,1,100.0000000000000000,"pkmiec,zhsj,dvoita,nri-pl,iaguis,alban,danielmotaleite","UMCloud,Kinvolk",2,8,100.0000000000000000,"Kinvolk,UMCloud",3,37.5000000000000000,"fabiokung,celskeggs,squeed,bgilbert,pracplayopen,hwoarang","Caelum,Red Hat,SUSE",3,6,100.0000000000000000,"Red Hat,Caelum,SUSE",4,66.6666666666666667,,,,,,,,,"ohjames,iaguis,orthecreedence,luisbg,squeed,lucab,pracplayopen,dvoita,jellonek,akunszt,pkmiec","Kinvolk,Red Hat,Intel",3,29,100.0000000000000000,"Kinvolk,Red Hat,Intel",11,37.9310344827586207
2041,2018-03-01T00:00:00Z,2018-04-01T00:00:00Z,03/2018,31,17,4,7,6,1,13,8,2,5,4,1,10,2,1,1,2,1,2,0.5483870967741935,0.12903225806451613,0.22580645161290322,0.1935483870967742,0.03225806451612903,0.41935483870967744,"lucab,euank,Shashwatsh,tormath1,rufoa,kriestof,claneys,michas2","Red Hat,genua",2,17,100.0000000000000000,"Red Hat,genua",10,58.8235294117647059,"euank,lucab",Red Hat,1,4,100.0000000000000000,Red Hat,4,100.0000000000000000,"Shashwatsh,claneys,tormath1,kriestof,lucab",Red Hat,1,7,100.0000000000000000,Red Hat,1,14.2857142857142857,"euank,lucab,michas2,rufoa","Red Hat,genua",2,6,100.0000000000000000,"Red Hat,genua",5,83.3333333333333333,euank,Red Hat,1,1,100.0000000000000000,Red Hat,1,100.0000000000000000,"Shashwatsh,lucab,euank,hummerbliss,kriestof,michas2,claneys,squeed,murarisumit,rufoa","Red Hat,genua",2,13,100.0000000000000000,"Red Hat,genua",6,46.1538461538461538
2042,2018-04-01T00:00:00Z,2018-05-01T00:00:00Z,04/2018,30,30,8,8,14,7,32,13,3,6,6,4,11,2,2,0,2,2,2,1,0.26666666666666666,0.26666666666666666,0.4666666666666667,0.23333333333333334,1.0666666666666667,"iaguis,lucab,sstabellini,ogham,budongxin,dgonyeo,Thermi,JackieKu,vamc19,hummerbliss,tomByrer,margach,tormath1","Kinvolk,Red Hat",2,30,100.0000000000000000,"Red Hat,Kinvolk",15,50.0000000000000000,"sstabellini,iaguis,lucab","Kinvolk,Red Hat",2,8,100.0000000000000000,"Kinvolk,Red Hat",5,62.5000000000000000,"ogham,Thermi,margach,hummerbliss,tomByrer,JackieKu",,0,8,100.0000000000000000,,,,"lucab,iaguis,dgonyeo,budongxin,tormath1,vamc19","Red Hat,Kinvolk",2,14,100.0000000000000000,"Red Hat,Kinvolk",10,71.4285714285714286,"iaguis,lucab,budongxin,euank","Kinvolk,Red Hat",2,7,100.0000000000000000,"Red Hat,Kinvolk",6,85.7142857142857143,"lucab,taqtiqa-mark,vamc19,iaguis,dgonyeo,euank,Thermi,alban,ogham,squeed,margach","Red Hat,Kinvolk",2,32,100.0000000000000000,"Red Hat,Kinvolk",21,65.6250000000000000
3001,2014-10-01T00:00:00Z,2015-01-01T00:00:00Z,Quarter from 10/2014,92,441,433,0,8,0,30,69,68,0,6,0,4,15,15,0,2,0,1,4.793478260869565,4.706521739130435,0,0.08695652173913043,0,0.32608695652173914,"jonboulle,kelseyhightower,vcaputo,schwf5,sgotti,mboersma,preillyme,tschm23,rckclmbr,jzelinskie,wsong83,juliangrosshauser,Makae,levigross,gprggr,mboersma,deepak1556,nicklynj,eyakubovich,rahulgopan,OscarBarrett,hectorj2f,kogora,jason-riddle,frontendherodk","Red Hat,Google,SORINT.lab,Deis,Kismatic,Facebook,Giant Swarm,Virginia Tech",8,384,87.0748299319727891,"Red Hat,Google,Deis,SORINT.lab,Kismatic,Facebook,Giant Swarm,Virginia Tech,Source{d},Pivotal,Thomson Reuters,Gigawatt IO,Cloudius Systems,Proofpoint,AngularClass",244,55.3287981859410431,"jonboulle,kelseyhightower,vcaputo,schwf5,sgotti,preillyme,rckclmbr,tschm23,mboersma,jzelinskie,wsong83,juliangrosshauser,levigross,Makae,gprggr,deepak1556,nicklynj,mboersma,eyakubovich,rahulgopan,jason-riddle,kogora,OscarBarrett,hectorj2f,fresh5447","Red Hat,Google,SORINT.lab,Kismatic,Facebook,Deis,Virginia Tech,Giant Swarm",8,378,87.2979214780600462,"Red Hat,Google,SORINT.lab,Deis,Facebook,Kismatic,Giant Swarm,Virginia Tech,Source{d},Pivotal,Cloudius Systems,AngularClass,Thomson Reuters,Proofpoint,Gigawatt IO",237,54.7344110854503464,,,,,,,,,"mboersma,mpasternacki,eyakubovich,jonboulle,crawford,mboersma","Deis,Red Hat",2,8,100.0000000000000000,"Deis,Red Hat",7,87.5000000000000000,,,,,,,,,"jonboulle,vcaputo,xiang90,mpasternacki",Red Hat,1,30,100.0000000000000000,Red Hat,18,60.0000000000000000
3004,2015-01-01T00:00:00Z,2015-04-01T00:00:00Z,Quarter from 01/2015,90,1005,241,208,556,578,1378,49,7,35,29,19,62,14,2,8,11,5,15,11.166666666666666,2.6777777777777776,2.311111111111111,6.177777777777778,6.4222222222222225,15.311111111111112,"jonboulle,vcaputo,philips,eyakubovich,sgotti,alban,robszumski,iaguis,yifan-gu,kelseyhightower,polvi,brookerj11211,markllama,crquan,errordeveloper,blakelapierre,bcwaldon,rasschaert,sym3tri,enten,wuqixuan,h4ck3rm1k3,achanda,josephschorr,krnowak","Red Hat,SORINT.lab,Kinvolk,Google,Weaveworks,EMC",6,974,96.9154228855721393,"Red Hat,SORINT.lab,Kinvolk,Google,Weaveworks,EMC,Pivotal,Soficom,✕✕✕✕✕,ZeMoSo Technologies,US Navy,Tower Research Capital,Huawei,Giant Swarm",802,79.8009950248756219,"jonboulle,vcaputo,philips,eyakubovich,kelseyhightower,robszumski,yifan-gu","Red Hat,Google",2,241,100.0000000000000000,"Red Hat,Google",202,83.8174273858921162,"jonboulle,philips,eyakubovich,vcaputo,robszumski,alban,polvi,yifan-gu,markllama,sgotti,iaguis,blakelapierre,errordeveloper,wuqixuan,bcwaldon,h4ck3rm1k3,sym3tri,marineam,Watney,dwalter,aledbf,rasschaert,josephschorr,achanda,tandrews1","Red Hat,Kinvolk,SORINT.lab,Weaveworks,Soficom,EMC",6,198,95.1923076923076923,"Red Hat,Kinvolk,SORINT.lab,Weaveworks,EMC,Soficom,Google,Pivotal",169,81.2500000000000000,"jonboulle,vcaputo,eyakubovich,sgotti,philips,iaguis,alban,robszumski,kelseyhightower,yifan-gu,brookerj11211,crquan,enten,krnowak,dardok,jieryn,rasschaert,hectorj2f,akshaydixi,pcx,peterbourgon,markllama,jzelinskie,bcwaldon,vbatts","Red Hat,SORINT.lab,Kinvolk,Google,US Navy,Giant Swarm,Tower Research Capital,ZeMoSo Technologies,✕✕✕✕✕",9,552,99.2805755395683453,"Red Hat,SORINT.lab,Kinvolk,Google,Giant Swarm,Huawei,Pivotal,Tower Research Capital,ZeMoSo Technologies,US Navy,✕✕✕✕✕",431,77.5179856115107914,"jonboulle,vcaputo,iaguis,sgotti,eyakubovich,kelseyhightower,philips,alban,robszumski,crawford,brianredbeard,errordeveloper,marineam,bcwaldon,jzelinskie,vbatts,yifan-gu,josephschorr,xiang90","Red Hat,Kinvolk,SORINT.lab,Google,Weaveworks",5,578,100.0000000000000000,"Red Hat,Kinvolk,SORINT.lab,Google,Weaveworks",524,90.6574394463667820,"jonboulle,vcaputo,philips,alban,sgotti,iaguis,eyakubovich,robszumski,kelseyhightower,yifan-gu,hectorj2f,markllama,aledbf,lsm5,polvi,krnowak,bcwaldon,errordeveloper,tandrews1,jzelinskie,brookerj11211,vbatts,crquan,jbayer,LalatenduMohanty","Red Hat,Kinvolk,SORINT.lab,Google,Giant Swarm,Soficom,Fedora,Weaveworks,Pivotal",9,1311,95.1378809869375907,"Red Hat,Kinvolk,SORINT.lab,Google,Giant Swarm,Soficom,Fedora,Weaveworks,Pivotal,US Navy,StackPointCloud,VMware,indiehosters,Kismatic,EMC",1138,82.5834542815674891
3007,2015-04-01T00:00:00Z,2015-07-01T00:00:00Z,Quarter from 04/2015,91,945,214,252,479,773,1652,58,10,47,35,25,72,18,2,15,13,7,17,10.384615384615385,2.3516483516483517,2.769230769230769,5.263736263736264,8.494505494505495,18.153846153846153,"jonboulle,alban,iaguis,yifan-gu,eyakubovich,steveeJ,vcaputo,krnowak,sgotti,philips,robszumski,kibra,jzelinskie,rushmorem,klizhentas,zopyx,rimusz,markllama,samsabed,xnox,xiang90,ramitsurana05,bakins,tixxdz,luebken","Red Hat,Kinvolk,SORINT.lab,Pantheon Platform,Gravitational,StackPointCloud,QBE Insurance,Intel,Endocode",9,903,95.5555555555555556,"Red Hat,Kinvolk,SORINT.lab,Pantheon Platform,StackPointCloud,Gravitational,QBE Insurance,Endocode,Intel,Google,Huawei,Pear,Ubisoft,Discogs,Heroku,Docker,Fedora,SportZing Corporation",888,93.9682539682539683,"jonboulle,alban,iaguis,yifan-gu,eyakubovich,vcaputo,krnowak,philips,robszumski,jzelinskie","Red Hat,Kinvolk",2,214,100.0000000000000000,"Red Hat,Kinvolk",208,97.1962616822429907,"jonboulle,alban,iaguis,yifan-gu,steveeJ,eyakubovich,rushmorem,rimusz,zopyx,philips,kibra,robszumski,sainath14,luebken,markllama,bakins,rjnagal,sgotti,tixxdz,vcaputo,dwalter,jzelinskie,klizhentas,HuKeping,brianredbeard","Red Hat,Kinvolk,StackPointCloud,Pantheon Platform,Google,SORINT.lab,Endocode,Gravitational,Huawei",9,230,91.2698412698412698,"Red Hat,Kinvolk,StackPointCloud,Pantheon Platform,Google,Endocode,Huawei,Gravitational,SORINT.lab,Docker,QBE Insurance,Pear,Intel,Fedora,Ubisoft",223,88.4920634920634921,"jonboulle,alban,iaguis,yifan-gu,eyakubovich,sgotti,vcaputo,krnowak,steveeJ,robszumski,philips,kibra,ramitsurana05,jzelinskie,xnox,klizhentas,xiang90,samsabed,markllama,mjg59,faddat,glevand,gosharplite,tixxdz,nederdirk","Red Hat,Kinvolk,SORINT.lab,Pantheon Platform,Intel,Gravitational,QBE Insurance,Ubisoft,Endocode",9,469,97.9123173277661795,"Red Hat,Kinvolk,SORINT.lab,Pantheon Platform,QBE Insurance,Gravitational,Intel,Heroku,Endocode,Discogs,Ubisoft,SportZing Corporation,Pear",457,95.4070981210855950,"jonboulle,krnowak,alban,iaguis,yifan-gu,klizhentas,sgotti,eyakubovich,vcaputo,robszumski,philips,steveeJ,tamird,crawford,xiang90,xnox,glevand,jzelinskie,marineam,mjg59,nederdirk,aaronlevy,sym3tri,markllama,bakins","Red Hat,Kinvolk,Gravitational,SORINT.lab,Cockroach Labs,Intel,Aperian Global",7,773,100.0000000000000000,"Red Hat,Kinvolk,Gravitational,SORINT.lab,Cockroach Labs,Intel,Aperian Global",753,97.4126778783958603,"jonboulle,alban,iaguis,yifan-gu,vcaputo,sgotti,eyakubovich,krnowak,philips,steveeJ,klizhentas,robszumski,rushmorem,markllama,Arcnor,rimusz,xnox,kelseyhightower,jzelinskie,kibra,xiang90,erikano,tixxdz,lsm5,smileynewbie123","Red Hat,Kinvolk,SORINT.lab,Gravitational,StackPointCloud,Intel,Google,Pantheon Platform,Endocode,Fedora",10,1553,94.0072639225181598,"Red Hat,Kinvolk,SORINT.lab,Gravitational,StackPointCloud,Intel,Fedora,Endocode,Google,Pantheon Platform,Giant Swarm,Docker,QBE Insurance,Huawei,Discogs,Ubisoft,Pear",1476,89.3462469733656174
3010,2015-07-01T00:00:00Z,2015-10-01T00:00:00Z,Quarter from 07/2015,92,1069,230,306,533,785,1734,65,11,51,32,20,74,19,3,17,8,6,21,11.619565217391305,2.5,3.3260869565217392,5.793478260869565,8.532608695652174,18.847826086956523,"iaguis,jonboulle,alban,krnowak,steveeJ,yifan-gu,eyakubovich,blixtra,sgotti,ppalucki,philips,dgonyeo,jellonek,tixxdz,n0rad,dongsupark,rushmorem,UserTaken,smileynewbie123,vcaputo,mjg59,glevand,liugenping,PrFalken,chrisseto","Kinvolk,Red Hat,SORINT.lab,Intel,Endocode,nVisium,Center for Open Science",7,1015,94.9485500467726848,"Kinvolk,Red Hat,Intel,SORINT.lab,Endocode,Rancher,Tieto,Cryptic Studios,EMC,nVisium,Google,Schuberg Philis,Center for Open Science,Fedora,Compose,Huawei,Mirantis,Nuance Communications,Soficom",1014,94.8550046772684752,"iaguis,jonboulle,alban,krnowak,steveeJ,yifan-gu,eyakubovich,vcaputo,mjg59,tixxdz,dgonyeo","Kinvolk,Red Hat,Endocode",3,230,100.0000000000000000,"Kinvolk,Red Hat,Endocode",229,99.5652173913043478,"iaguis,jonboulle,alban,steveeJ,philips,yifan-gu,blixtra,eyakubovich,n0rad,rushmorem,sgotti,UserTaken,krnowak,dgonyeo,jellonek,smileynewbie123,ibuildthecloud,bcwaldon,glevand,liugenping,djenriquez,nyodas,ppalucki,PrFalken,runningwild","Kinvolk,Red Hat,SORINT.lab,Intel,Rancher,Schuberg Philis,nVisium,Cryptic Studios",8,273,89.2156862745098039,"Red Hat,Kinvolk,SORINT.lab,Intel,Tieto,Cryptic Studios,Rancher,nVisium,Schuberg Philis,EMC,Soficom,Fedora,Mirantis,Nuance Communications,Center for Open Science,Google,Compose",259,84.6405228758169935,"iaguis,jonboulle,alban,krnowak,yifan-gu,steveeJ,ppalucki,sgotti,eyakubovich,blixtra,tixxdz,dgonyeo,jellonek,dongsupark,mjg59,markllama,philips,marineam,vcaputo,chrisseto,ChengTiesheng,smarvin,samarvin,marekbiskup,robszumski","Kinvolk,Red Hat,Intel,SORINT.lab,Endocode,Center for Open Science,Huawei,Google",8,526,98.6866791744840525,"Kinvolk,Red Hat,Intel,SORINT.lab,Endocode,Center for Open Science,Huawei,Google",526,98.6866791744840525,"krnowak,alban,iaguis,jonboulle,yifan-gu,ppalucki,eyakubovich,sgotti,vcaputo,steveeJ,jellonek,robszumski,tixxdz,xiang90,dongsupark,kbeecher,vishh,mjg59,crawford,blixtra","Kinvolk,Red Hat,Intel,SORINT.lab,Endocode,Google",6,785,100.0000000000000000,"Kinvolk,Red Hat,Intel,SORINT.lab,Endocode,Google",769,97.9617834394904459,"jonboulle,iaguis,alban,yifan-gu,steveeJ,krnowak,sgotti,jellonek,eyakubovich,ppalucki,vcaputo,philips,tixxdz,rushmorem,dgonyeo,blixtra,robszumski,n0rad,smileynewbie123,jzelinskie,dongsupark,xaduha,bluepeppers,chrisseto,marineam","Red Hat,Kinvolk,SORINT.lab,Intel,Endocode,Center for Open Science",6,1624,93.6562860438292964,"Red Hat,Kinvolk,Intel,SORINT.lab,Endocode,Google,Center for Open Science,Fedora,Compose,Schuberg Philis,StackPointCloud,Giant Swarm,Huawei,Rancher,EMC,Mirantis,Devops,Pantheon Platform,Soficom,Tieto,Cryptic Studios",1605,92.5605536332179931
3013,2015-10-01T00:00:00Z,2016-01-01T00:00:00Z,Quarter from 10/2015,92,1022,229,289,504,1301,1734,62,10,48,30,23,65,21,3,15,11,6,21,11.108695652173912,2.489130434782609,3.141304347826087,5.478260869565218,14.141304347826088,18.847826086956523,"iaguis,jonboulle,alban,krnowak,steveeJ,yifan-gu,vcaputo,blixtra,dgonyeo,f0,ecnahc515,jaybuff,liugenping,aaronlevy,robszumski,mjg59,derekparker,jellonek,achanda,philips,monstermunchkin,rbucker,joshix,gyuho,slallema","Kinvolk,Red Hat,Aperian Global,Intel,EMC,SUSE",6,975,95.4011741682974560,"Kinvolk,Red Hat,Intel,Aperian Global,EMC,SUSE,Stack Exchange,nVisium,FICO,Discogs,Debian,Apcera,Apache,Fedora,Huawei,Karl Herler,Nebula,Peerigon,Rancher,Samsung,SAP",940,91.9765166340508806,"iaguis,jonboulle,alban,krnowak,vcaputo,steveeJ,yifan-gu,aaronlevy,dgonyeo,joshix","Kinvolk,Red Hat,Aperian Global",3,229,100.0000000000000000,"Kinvolk,Red Hat,Aperian Global",222,96.9432314410480349,"alban,iaguis,jonboulle,steveeJ,yifan-gu,krnowak,f0,blixtra,dgonyeo,jaybuff,ecnahc515,robszumski,achanda,vcaputo,philips,blalor,NeilW,pbx0,vicentfg,crawford,slallema,laurchris,rbucker,n0rad,Snaveena","Kinvolk,Red Hat,EMC",3,266,92.0415224913494810,"Kinvolk,Red Hat,EMC,Samsung,Apache,Debian,Discogs,Huawei,Fedora,Rancher,FICO,Peerigon,nVisium,Nebula,Stack Exchange",242,83.7370242214532872,"iaguis,alban,jonboulle,krnowak,yifan-gu,steveeJ,blixtra,vcaputo,dgonyeo,liugenping,jellonek,derekparker,monstermunchkin,ecnahc515,aaronlevy,gyuho,mjg59,kbrownlees,vCloudernBeer,tcyrus,emil2k,xelatex,il9ue,astrieanna,wlodekb","Kinvolk,Red Hat,Intel,SUSE,Aperian Global,Apcera,SAP",7,499,99.0079365079365079,"Kinvolk,Red Hat,Intel,SUSE,Aperian Global,Stack Exchange,Apcera,SAP,nVisium,Karl Herler,FICO",476,94.4444444444444444,"krnowak,alban,iaguis,jonboulle,joshix,steveeJ,yifan-gu,jellonek,blixtra,ecnahc515,mjg59,dgonyeo,vcaputo,eyakubovich,ppalucki,robszumski,liugenping,sgotti,xiang90,blalor,monstermunchkin,fasaxc,astrieanna","Kinvolk,Red Hat,Intel,SORINT.lab,SUSE,Tigera",6,1301,100.0000000000000000,"Kinvolk,Red Hat,Intel,SORINT.lab,SUSE,Tigera",1255,96.4642582628747118,"jonboulle,alban,iaguis,krnowak,yifan-gu,steveeJ,vcaputo,jellonek,dgonyeo,blixtra,ecnahc515,f0,jaybuff,robszumski,adfernandes,onlyjob,joshix,eyakubovich,yuvadm,liugenping,blalor,ChengTiesheng,mjg59,mjibson,aaronlevy","Red Hat,Kinvolk,Intel,FICO,Debian,Huawei,Stack Exchange,Aperian Global",8,1659,95.6747404844290657,"Kinvolk,Red Hat,Intel,FICO,Debian,Aperian Global,Stack Exchange,Huawei,nVisium,SORINT.lab,Samsung,Rancher,EMC,SUSE,Fedora,Apache,Peerigon,Google,Schuberg Philis,Apcera,Tigera",1572,90.6574394463667820
3016,2016-01-01T00:00:00Z,2016-04-01T00:00:00Z,Quarter from 01/2016,91,1058,226,308,524,1113,1853,90,10,69,50,28,102,20,2,17,12,7,25,11.626373626373626,2.4835164835164836,3.3846153846153846,5.758241758241758,12.23076923076923,20.36263736263736,"iaguis,alban,jonboulle,krnowak,yifan-gu,joshix,blixtra,steveeJ,achanda,mstachowski,tomdee,dgonyeo,robszumski,mischief,philips,crawford,il9ue,EtienneBruines,derekparker,wlodekb,f0,jellonek,sjpotter,marineam,bb4242","Kinvolk,Red Hat,EMC,Tigera,Siemens,SAP,Intel,appOrbit,Airware",9,959,90.6427221172022684,"Kinvolk,Red Hat,EMC,Intel,Tigera,Siemens,SAP,appOrbit,Fedora,Airware,SORINT.lab,Debian,SUSE,Google,Compose,Uber,StackPointCloud,CrypTag,Schuberg Philis,Mirantis",977,92.3440453686200378,"iaguis,jonboulle,alban,krnowak,joshix,yifan-gu,robszumski,steveeJ,derekparker,dgonyeo","Kinvolk,Red Hat",2,226,100.0000000000000000,"Kinvolk,Red Hat",226,100.0000000000000000,"iaguis,alban,jonboulle,yifan-gu,krnowak,steveeJ,achanda,tomdee,EtienneBruines,mischief,crawford,sjpotter,f0,ecnahc515,charliedrage,mstachowski,bb4242,n0rad,blalor,yorickvP,blixtra,jellonek,marineam,dghubble,onlyjob","Kinvolk,Red Hat,EMC,Tigera,Siemens,appOrbit,Airware,Intel,Debian",9,257,83.4415584415584416,"Kinvolk,Red Hat,EMC,Tigera,Siemens,appOrbit,Intel,Airware,Fedora,Debian,Google,Compose,StackPointCloud,CrypTag,Uber,SORINT.lab,Schuberg Philis",253,82.1428571428571429,"iaguis,alban,jonboulle,krnowak,yifan-gu,joshix,blixtra,mstachowski,steveeJ,il9ue,robszumski,dgonyeo,philips,tomdee,achanda,wlodekb,mpatelcz,mischief,derekparker,sgotti,monstermunchkin,lsm5,thedrow,rhatdan,jellonek","Kinvolk,Red Hat,SAP,Tigera,EMC,Intel,Siemens,SORINT.lab,SUSE,Fedora",10,498,95.0381679389312977,"Kinvolk,Red Hat,Intel,SAP,Tigera,EMC,Siemens,Fedora,SORINT.lab,SUSE,Mirantis,Airware",498,95.0381679389312977,"alban,krnowak,iaguis,jonboulle,joshix,steveeJ,blixtra,jellonek,yifan-gu,mstachowski,ppalucki,wlodekb,Wilybald,robszumski,derekparker,achanda,monstermunchkin,il9ue,BrianHicks,marineam,fiorix,sjpotter,dankm,ronin13,ecnahc515","Kinvolk,Red Hat,Intel,EMC,SUSE,SAP,appOrbit",7,1110,99.7304582210242588,"Kinvolk,Red Hat,Intel,EMC,SUSE,SAP,appOrbit",1086,97.5741239892183288,"alban,iaguis,jonboulle,krnowak,yifan-gu,jellonek,steveeJ,joshix,blixtra,dgonyeo,mstachowski,robszumski,il9ue,rhatdan,bb4242,slallema,achanda,crawford,marineam,philips,f0,lsm5,mischief,ecnahc515,monstermunchkin","Kinvolk,Red Hat,Intel,SAP,Airware,EMC,Fedora,Siemens,SUSE",9,1656,89.3685914732865623,"Kinvolk,Red Hat,Intel,Fedora,SAP,EMC,Google,Airware,Siemens,Tigera,SUSE,Debian,appOrbit,SORINT.lab,CrypTag,Compose,PTLC,Ada,Mirantis,Gravitational,Gaikai,Schuberg Philis,Clarifai,Uber,Samsung",1701,91.7970858067997841
3019,2016-04-01T00:00:00Z,2016-07-01T00:00:00Z,Quarter from 04/2016,91,1210,254,364,592,1512,2839,87,11,62,51,39,107,27,2,20,18,8,28,13.296703296703297,2.791208791208791,4,6.5054945054945055,16.615384615384617,31.197802197802197,"iaguis,alban,jonboulle,lucab,tmrts,s-urbaniak,yifan-gu,steveeJ,jellonek,joshix,dgonyeo,krnowak,alepuccetti,matthaias,euank,sjpotter,blixtra,pskrzyns,jjlakis,wlodekb,sgotti,mstachowski,dghubble,anguslees,mzylowski","Kinvolk,Red Hat,Intel,Peerigon,appOrbit,SORINT.lab,Bulletproof",7,1117,92.3140495867768595,"Red Hat,Kinvolk,Intel,Peerigon,appOrbit,SORINT.lab,Google,Bulletproof,Mirantis,Debian,EMC,Compose,Contap,Siemens,University of Queensland,Travelping,PayPal,Schuberg Philis,Weaveworks,Uber,SUSE,Radicore AB,Oteemo,Honestbee,Giant Swarm",1049,86.6942148760330579,"iaguis,jonboulle,alban,lucab,tmrts,s-urbaniak,yifan-gu,joshix,steveeJ,krnowak,dgonyeo","Kinvolk,Red Hat",2,254,100.0000000000000000,"Red Hat,Kinvolk",230,90.5511811023622047,"alban,iaguis,jonboulle,tmrts,s-urbaniak,yifan-gu,lucab,jellonek,steveeJ,pskrzyns,sjpotter,euank,mikedanese,alepuccetti,dghubble,blixtra,philips,zopyx,onlyjob,sgotti,wlodekb,slallema,ltagliamonte,nstott,tjdett","Kinvolk,Red Hat,Intel,appOrbit,Google,Debian,SORINT.lab,Compose,University of Queensland",9,327,89.8351648351648352,"Red Hat,Kinvolk,Intel,appOrbit,Google,SORINT.lab,Debian,Compose,University of Queensland,Siemens,Uber,Schuberg Philis,Radicore AB,Peerigon,PayPal,Oteemo,Mirantis,Giant Swarm,EMC,Bulletproof",309,84.8901098901098901,"iaguis,alban,jonboulle,lucab,tmrts,s-urbaniak,steveeJ,yifan-gu,dgonyeo,joshix,jellonek,matthaias,jjlakis,krnowak,alepuccetti,mstachowski,wlodekb,sgotti,euank,blixtra,mzylowski,robszumski,anguslees,GrappigPanda,sjpotter","Kinvolk,Red Hat,Intel,Peerigon,SORINT.lab,Bulletproof,appOrbit",7,557,94.0878378378378378,"Red Hat,Kinvolk,Intel,Peerigon,SORINT.lab,Bulletproof,appOrbit,Contap,EMC,Mirantis,Travelping,Siemens,Weaveworks,SUSE,Adidas,Gaikai,Honestbee,PayPal",512,86.4864864864864865,"alban,iaguis,s-urbaniak,jonboulle,tmrts,lucab,krnowak,jellonek,joshix,jjlakis,steveeJ,euank,yifan-gu,sgotti,wlodekb,mstachowski,dgonyeo,glevand,matthaias,blixtra,lukasredynk,bwalex,mzylowski,alepuccetti,sjpotter","Kinvolk,Red Hat,Intel,SORINT.lab,Peerigon,appOrbit",6,1487,98.3465608465608466,"Kinvolk,Red Hat,Intel,SORINT.lab,Peerigon,appOrbit,Travelping,Bulletproof",1341,88.6904761904761905,"jonboulle,iaguis,alban,s-urbaniak,lucab,jellonek,tmrts,yifan-gu,steveeJ,euank,pskrzyns,dgonyeo,sjpotter,krnowak,sgotti,jjlakis,philips,alepuccetti,blixtra,matthaias,joshix,mstachowski,onlyjob,wlodekb,ecnahc515","Red Hat,Kinvolk,Intel,appOrbit,SORINT.lab,Peerigon,Debian",7,2571,90.5600563578724903,"Red Hat,Kinvolk,Intel,appOrbit,SORINT.lab,Peerigon,Debian,Google,University of Queensland,EMC,Microsoft,Bulletproof,Giant Swarm,Compose,Uber,Aperian Global,PayPal,Mirantis,SUSE,Schuberg Philis,Siemens,Wikimedia Foundation,Weaveworks,Travelping,imgix",2508,88.3409651285663966
3022,2016-07-01T00:00:00Z,2016-10-01T00:00:00Z,Quarter from 07/2016,92,977,209,295,473,1089,2262,86,14,64,52,33,107,28,2,23,15,9,31,10.619565217391305,2.2717391304347827,3.2065217391304346,5.141304347826087,11.83695652173913,24.58695652173913,"lucab,s-urbaniak,iaguis,yifan-gu,alban,squeed,jonboulle,tmrts,euank,sgotti,HuKeping,alepuccetti,krnowak,jjlakis,tjdett,Quentin-M,Andrei-Pozolotin,steveeJ,0xAX,achanda,lorddaedra,eyakubovich,cancan101,philips,dgonyeo","Red Hat,Kinvolk,SORINT.lab,Huawei,University of Queensland,Travelping,EMC",7,883,90.3787103377686796,"Red Hat,Kinvolk,SORINT.lab,Huawei,Intel,University of Queensland,Travelping,EMC,National Geographic,Debian,Tigera,42 Tech,CrypTag,Futurequest,MappingBook,Oteemo,PayPal,Siemens,SUSE,ThoughtWorks,imgix,WSO2,AD/FIN,Alternative Storage,Devops",882,90.2763561924257932,"lucab,s-urbaniak,iaguis,alban,squeed,jonboulle,yifan-gu,tmrts,krnowak,euank,joshix,steveeJ,dgonyeo,philips","Red Hat,Kinvolk",2,209,100.0000000000000000,"Red Hat,Kinvolk",207,99.0430622009569378,"lucab,s-urbaniak,iaguis,yifan-gu,squeed,tmrts,euank,sgotti,alban,Andrei-Pozolotin,Quentin-M,jonboulle,lorddaedra,HuKeping,tjdett,alepuccetti,cancan101,eyakubovich,steveeJ,squat,onlyjob,omkensey,f0,0xAX,dghubble","Red Hat,Kinvolk,SORINT.lab,Huawei,University of Queensland,National Geographic,Debian,Oteemo,Travelping",9,246,83.3898305084745763,"Red Hat,Kinvolk,SORINT.lab,University of Queensland,Huawei,National Geographic,Debian,Intel,Oteemo,Travelping,PayPal,42 Tech,Siemens,Futurequest,EMC,CrypTag,MappingBook,Radicore AB,Tigera,WSO2,AD/FIN,Compose,Devops",241,81.6949152542372881,"s-urbaniak,iaguis,lucab,yifan-gu,alban,squeed,jonboulle,sgotti,tmrts,euank,jjlakis,HuKeping,krnowak,alepuccetti,0xAX,tjdett,achanda,dgonyeo,andir,steveeJ,monstermunchkin,spoonben,jellonek,glevand,dkrzyszczyk","Red Hat,Kinvolk,SORINT.lab,Huawei,Travelping,University of Queensland,EMC,SUSE,Intel",9,446,94.2917547568710359,"Red Hat,Kinvolk,SORINT.lab,Huawei,Intel,Travelping,University of Queensland,EMC,SUSE,MappingBook,Alternative Storage,imgix,Verizon,Tigera,ThoughtWorks",437,92.3890063424947146,"s-urbaniak,lucab,iaguis,alban,jonboulle,sgotti,tmrts,yifan-gu,euank,squeed,joshix,krnowak,steveeJ,alepuccetti,jellonek,dgonyeo,jjlakis,pskrzyns,andir,HuKeping,dghubble,vcaputo,blixtra,Wilybald,mzylowski","Red Hat,Kinvolk,SORINT.lab,Intel,Huawei",5,1081,99.2653810835629017,"Red Hat,Kinvolk,SORINT.lab,Intel,Huawei,SUSE,Siemens,ThoughtWorks,Travelping",1014,93.1129476584022039,"lucab,s-urbaniak,iaguis,alban,jonboulle,yifan-gu,sgotti,squeed,tmrts,euank,jellonek,krnowak,jjlakis,dgonyeo,alepuccetti,Quentin-M,steveeJ,Andrei-Pozolotin,philips,lorddaedra,f0,pskrzyns,mzylowski,HuKeping,tjdett","Red Hat,Kinvolk,SORINT.lab,Intel,Huawei,University of Queensland",6,2051,90.6719717064544651,"Red Hat,Kinvolk,SORINT.lab,Intel,Huawei,University of Queensland,Fedora,imgix,Futurequest,EMC,42 Tech,Debian,PayPal,CrypTag,Travelping,Compose,ThoughtWorks,OPES Software,National Geographic,Google,Nebula,AD/FIN,Peerigon,Radicore AB,Robert Koch-institut",2020,89.3015030946065429
3025,2016-10-01T00:00:00Z,2017-01-01T00:00:00Z,Quarter from 10/2016,92,610,130,183,297,433,1036,67,7,45,32,16,87,20,1,13,10,6,22,6.630434782608695,1.4130434782608696,1.9891304347826086,3.2282608695652173,4.706521739130435,11.26086956521739,"lucab,s-urbaniak,squeed,jonboulle,euank,philips,joshix,dansteen,lukasredynk,0xAX,gyuho,evverx,Crosse,mjg59,grahamwhaley,lorddaedra,jodh-intel,alban,bison,SchwarzM,ElijahCaine,onlyjob,ErnestG4,kfirufk,hahaveryfun","Red Hat,Intel,Travelping,FireEye,Kinvolk,SAP,Debian",7,560,91.8032786885245902,"Red Hat,Intel,Travelping,FireEye,University of Queensland,Kinvolk,Unbounce,Virginia Tech,SAP,Debian,IBM,SUSE,Pivotal,Mirantis,Infoxchange,Google,Futurequest,Fedora,Egnyte,AD/FIN",563,92.2950819672131148,"lucab,s-urbaniak,squeed,jonboulle,euank,joshix,philips",Red Hat,1,130,100.0000000000000000,Red Hat,130,100.0000000000000000,"lucab,s-urbaniak,squeed,euank,jonboulle,dansteen,gyuho,philips,lorddaedra,kfirufk,SchwarzM,grep-stripe,grepory,monder,achermes,onlyjob,evverx,theRemix,jason-riddle,Crosse,tjdett,ErnestG4,jadekler,jaohaohsuan,mjg59","Red Hat,SAP,Debian,Virginia Tech,FireEye,University of Queensland,Pivotal",7,163,89.0710382513661202,"Red Hat,SAP,Debian,Virginia Tech,FireEye,University of Queensland,Pivotal,Intel,Infoxchange,AD/FIN,Google,Futurequest,Egnyte",147,80.3278688524590164,"lucab,s-urbaniak,squeed,jonboulle,euank,0xAX,joshix,lukasredynk,jodh-intel,grahamwhaley,alban,evverx,hahaveryfun,ElijahCaine,mjg59,bison,lucasallan,philips,kurojishi,leitao,monstermunchkin,lsm5,jellonek,jvns,dm0-","Red Hat,Travelping,Intel,Kinvolk,Unbounce,IBM,SUSE,Fedora",8,290,97.6430976430976431,"Red Hat,Intel,Travelping,Unbounce,Kinvolk,FireEye,IBM,Mirantis,SUSE,Fedora",286,96.2962962962962963,"s-urbaniak,lucab,jonboulle,euank,squeed,ElijahCaine,joshix,krnowak,nhlfr,Crosse,discordianfish,lucasallan,yifan-gu,brancz,iaguis,evverx","Red Hat,Kinvolk,Mirantis,FireEye,imgix,Unbounce",6,433,100.0000000000000000,"Red Hat,Kinvolk,Mirantis,FireEye,Unbounce,imgix",432,99.7690531177829099,"lucab,s-urbaniak,squeed,jonboulle,euank,grahamwhaley,tjdett,lukasredynk,lucasallan,jjlakis,evverx,lorddaedra,jellonek,Quentin-M,philips,namsral,joshix,jodh-intel,h0tbird,Crosse,TerraTech,dansteen,SamYaple,blalor,discordianfish","Red Hat,Intel,University of Queensland,Unbounce,Softonic,FireEye,Futurequest,imgix",8,928,89.5752895752895753,"Red Hat,Intel,University of Queensland,Unbounce,Kinvolk,Mirantis,Softonic,Futurequest,FireEye,imgix,Travelping,Debian,AD/FIN,Google,EMC,IBM,Fedora,Loodse,42 Tech,Pivotal,Virginia Tech,SAP",926,89.3822393822393822
3028,2017-01-01T00:00:00Z,2017-04-01T00:00:00Z,Quarter from 01/2017,90,299,62,85,152,106,630,53,6,35,28,14,73,12,1,8,7,4,16,3.3222222222222224,0.6888888888888889,0.9444444444444444,1.6888888888888889,1.1777777777777778,7,"lucab,s-urbaniak,squeed,jonboulle,philips,euank,ybubnov,grahamwhaley,dgonyeo,jodh-intel,omribahumi,alban,evverx,ElijahCaine,ErwanMAS,f0,nri-pl,tjdett,uzytkownik,blalor,daurnimator,dariko,kfirufk,trusch,0xAX","Red Hat,Intel,Kinvolk,University of Queensland,Travelping",5,270,90.3010033444816054,"Red Hat,Intel,Kinvolk,Travelping,University of Queensland,Mirantis,Egnyte,CoScale,Gaikai,Checkr,Siemens,CABNetworks",251,83.9464882943143813,"lucab,s-urbaniak,jonboulle,squeed,philips,dgonyeo",Red Hat,1,62,100.0000000000000000,Red Hat,62,100.0000000000000000,"lucab,s-urbaniak,squeed,omribahumi,jodh-intel,ErwanMAS,blalor,uzytkownik,dariko,daurnimator,kfirufk,tjdett,jonboulle,nri-pl,f0,evverx,jaypipes,jeremyd,diptanu,alban,mbr,derobert,wmark,d33tah,n0rad","Red Hat,Intel,University of Queensland,Mirantis,Checkr,Kinvolk",6,75,88.2352941176470588,"Red Hat,Intel,University of Queensland,Kinvolk,Mirantis,Siemens,Checkr,CoScale",52,61.1764705882352941,"lucab,s-urbaniak,squeed,euank,jonboulle,ybubnov,philips,grahamwhaley,dgonyeo,alban,shobhit85,ElijahCaine,0xAX,trusch,jakon89,schu,marineam,cab105,cshubhamrao,pgburt,jodh-intel,evverx,zmedico,sargun,dm0-","Red Hat,Intel,Kinvolk,Travelping,Egnyte,CABNetworks,Gaikai",7,149,98.0263157894736842,"Red Hat,Intel,Kinvolk,Travelping,Gaikai,CABNetworks,Egnyte",137,90.1315789473684211,"lucab,s-urbaniak,squeed,ybubnov,trusch,jonboulle,alban,euank,schu,0xAX,joshix,dgonyeo,pgburt,cab105","Red Hat,Kinvolk,Travelping,CABNetworks",4,106,100.0000000000000000,"Red Hat,Kinvolk,Travelping,CABNetworks",93,87.7358490566037736,"lucab,s-urbaniak,jonboulle,squeed,grahamwhaley,euank,ybubnov,dgonyeo,jodh-intel,ElijahCaine,evverx,kfirufk,shobhit85,redbaron,ErwanMAS,nri-pl,timothysc,cshubhamrao,trusch,alban,daurnimator,uzytkownik,philips,blalor,ahmetb","Red Hat,Intel,Telemetry.com,Kinvolk,Google",5,570,90.4761904761904762,"Red Hat,Intel,Telemetry.com,Kinvolk,Google,Egnyte,Fedora,CrypTag,Travelping,University of Queensland,SugarCRM,Siemens,Sap Hybrids,CABNetworks,Endocode,Gaikai",516,81.9047619047619048
3031,2017-04-01T00:00:00Z,2017-07-01T00:00:00Z,Quarter from 04/2017,91,247,45,101,101,64,511,50,6,36,25,13,65,12,1,8,7,5,14,2.7142857142857144,0.4945054945054945,1.10989010989011,1.10989010989011,0.7032967032967034,5.615384615384615,"lucab,tesujimath,squeed,jonboulle,euank,trusch,sstabellini,Shashwatsh,fabiokung,glevand,zozo6015,alban,XtinaJ,brianredbeard,arianvp,mrschyte,raeesbhatti,dgonyeo,ybubnov,Ryn3r,kfirufk,jeremyd,h0tbird,Huge,dockhero","Red Hat,Caelum,Kinvolk,Checkr,Softonic",5,222,89.8785425101214575,"Red Hat,Caelum,Kinvolk,Softonic,Checkr,Hupp,CNCF,University of Queensland,42 Tech,Futurequest,CoScale,Virginia Tech",151,61.1336032388663968,"lucab,sstabellini,squeed,jonboulle,euank,dgonyeo",Red Hat,1,45,100.0000000000000000,Red Hat,37,82.2222222222222222,"tesujimath,lucab,Shashwatsh,euank,trusch,zozo6015,squeed,arianvp,Ryn3r,mrschyte,jeremyd,h0tbird,brianredbeard,kfirufk,Huge,jason-riddle,blalor,Xenopathic,yuchangyuan,TerraTech,ravibhure,n0rad,tjdett,vovayartsev,wmark","Red Hat,Checkr,Softonic,Virginia Tech,Futurequest,University of Queensland",6,90,89.1089108910891089,"Red Hat,Softonic,Checkr,Virginia Tech,Futurequest,University of Queensland,Caelum,Kinvolk",39,38.6138613861386139,"lucab,jonboulle,fabiokung,squeed,glevand,trusch,alban,euank,Shashwatsh,tesujimath,XtinaJ,sstabellini,ybubnov,raeesbhatti,brianredbeard,caniszczyk,vbatts,bgilbert,ptbrowne,fwilson42,dm0-,dgonyeo,radhikapc,fryckbos,JulienBalestra","Red Hat,Caelum,Kinvolk,CNCF,Hupp,CoScale,42 Tech",7,101,100.0000000000000000,"Red Hat,Caelum,Kinvolk,Hupp,42 Tech,CoScale,CNCF",75,74.2574257425742574,"lucab,euank,tesujimath,squeed,ybubnov,trusch,s-urbaniak,jonboulle,glevand,JulienBalestra,alban,fabiokung,grahamwhaley","Red Hat,42 Tech,Kinvolk,Caelum,Intel",5,64,100.0000000000000000,"Red Hat,42 Tech,Caelum,Intel,Kinvolk",54,84.3750000000000000,"lucab,tesujimath,trusch,euank,squeed,fabiokung,sstabellini,Shashwatsh,ravibhure,arianvp,jonboulle,blalor,glevand,alban,pmatts,oberstet,ybubnov,kfirufk,fryckbos,ljohnny,raeesbhatti,grahamwhaley,cyphar,h0tbird,jwieringa","Red Hat,Caelum,Kinvolk,CoScale,Intel,SUSE/Novell,Softonic",7,461,90.2152641878669276,"Red Hat,Caelum,Kinvolk,CoScale,Intel,Softonic,SUSE/Novell,42 Tech,Zalando,University of Queensland,Google,Checkr,Fedora,Letv Cloud Computing",304,59.4911937377690802
3034,2017-07-01T00:00:00Z,2017-10-01T00:00:00Z,Quarter from 07/2017,92,189,43,60,86,101,284,38,5,32,17,13,57,8,2,6,7,5,14,2.0543478260869565,0.4673913043478261,0.6521739130434783,0.9347826086956522,1.0978260869565217,3.0869565217391304,"lucab,iaguis,alban,squeed,nhlfr,fabiokung,Shashwatsh,glevand,taqtiqa-mark,sstabellini,kirek007,ae6rt,JulienBalestra,tesujimath,dm0-,sanicheev,pppKin,euank,ybubnov,rbjorklin,ravibhure,nri-pl,kallisti5,dimas,mildred","Red Hat,Kinvolk,Caelum,BlaBlaCar,PayPal,42 Tech,Nemo.ai",7,176,93.1216931216931217,"Red Hat,Kinvolk,Caelum,BlaBlaCar,PayPal,42 Tech,Nemo.ai,Checkr",148,78.3068783068783069,"lucab,iaguis,sstabellini,alban,squeed","Red Hat,Kinvolk",2,43,100.0000000000000000,"Red Hat,Kinvolk",40,93.0232558139534884,"lucab,Shashwatsh,alban,iaguis,taqtiqa-mark,nhlfr,squeed,ravibhure,nri-pl,ae6rt,kallisti5,hectorj,smathev,tesujimath,euank,kirek007,rbjorklin,dm0-,mildred,sanicheev,Nekdo,natlibfi-arlehiko,Trumancassady,sanmai-NL,akanshajain1","Red Hat,Kinvolk,PayPal,BlaBlaCar,Nemo.ai",5,53,88.3333333333333333,"Red Hat,Kinvolk,Nemo.ai,BlaBlaCar,PayPal,Checkr",32,53.3333333333333333,"lucab,iaguis,fabiokung,glevand,squeed,nhlfr,alban,kirek007,JulienBalestra,ae6rt,sstabellini,dm0-,ybubnov,indradhanush,tesujimath,sanicheev,pppKin","Red Hat,Kinvolk,Caelum,BlaBlaCar,42 Tech,PayPal,Nemo.ai",7,86,100.0000000000000000,"Red Hat,Kinvolk,Caelum,42 Tech,BlaBlaCar,Nemo.ai,PayPal",76,88.3720930232558140,"iaguis,lucab,alban,jellonek,indradhanush,nhlfr,ybubnov,tesujimath,pppKin,JulienBalestra,euank,fabiokung,squeed","Kinvolk,Red Hat,Intel,42 Tech,Caelum",5,101,100.0000000000000000,"Kinvolk,Red Hat,Intel,42 Tech,Caelum",88,87.1287128712871287,"lucab,iaguis,fabiokung,squeed,sanicheev,alban,glevand,nhlfr,tesujimath,youtux,pppKin,kirek007,Shashwatsh,jellonek,rbjorklin,sanmai-NL,taqtiqa-mark,ae6rt,indradhanush,euank,lizrice,blixtra,dimas,discordianfish,dm0-","Red Hat,Kinvolk,Caelum,Nemo.ai,BlaBlaCar,Intel,PayPal,Liz Rice",8,245,86.2676056338028169,"Red Hat,Kinvolk,Caelum,Nemo.ai,Intel,BlaBlaCar,PayPal,Liz Rice,42 Tech,MakerForce,Unbounce,Checkr,Docker,University of Queensland",205,72.1830985915492958
3037,2017-10-01T00:00:00Z,2018-01-01T00:00:00Z,Quarter from 10/2017,92,178,34,57,87,54,164,29,4,15,19,6,41,7,2,5,5,2,8,1.934782608695652,0.3695652173913043,0.6195652173913043,0.9456521739130435,0.5869565217391305,1.7826086956521738,"iaguis,lucab,alban,daledude,glevand,pkmiec,dungeonmaster18,sch00lb0y,samm81,squeed,ybubnov,loginakhil,euank,johscheuer,uzytkownik,fabiokung,caniszczyk,ohjames,elimisteve,bison,chrisco484,steveeJ,dm0-,arizvisa,dvrkps","Kinvolk,Red Hat,Docker,Inovex,Caelum,CNCF,CrypTag",7,174,97.7528089887640449,"Kinvolk,Red Hat,Docker,Caelum,Inovex,CNCF,CrypTag",146,82.0224719101123596,"iaguis,lucab,squeed,alban","Kinvolk,Red Hat",2,34,100.0000000000000000,"Kinvolk,Red Hat",34,100.0000000000000000,"iaguis,daledude,alban,pkmiec,euank,caniszczyk,Pennyzct,ohjames,lucab,dungeonmaster18,johscheuer,loginakhil,arizvisa,chrisco484,uzytkownik","Kinvolk,Red Hat,CNCF,Docker,Inovex",5,57,100.0000000000000000,"Kinvolk,Red Hat,CNCF,Inovex,Docker",42,73.6842105263157895,"iaguis,lucab,glevand,sch00lb0y,dungeonmaster18,alban,ybubnov,samm81,squeed,steveeJ,Shashwatsh,loginakhil,dvrkps,goncalor,dongsupark,dm0-,fabiokung,elimisteve,bison","Kinvolk,Red Hat,Docker,Caelum,CrypTag",5,87,100.0000000000000000,"Kinvolk,Red Hat,Docker,Caelum,CrypTag",70,80.4597701149425287,"iaguis,alban,steveeJ,nhlfr,squeed,lucab","Kinvolk,Red Hat",2,54,100.0000000000000000,"Kinvolk,Red Hat",54,100.0000000000000000,"iaguis,lucab,glevand,alban,pkmiec,sch00lb0y,squeed,nhlfr,euank,ohjames,jyouchan,daledude,dungeonmaster18,natlibfi-arlehiko,cyphar,mprasil,Pennyzct,elimisteve,samm81,ybubnov,arizvisa,dghubble,shobhit85,blixtra,sanicheev","Kinvolk,Red Hat,Docker,SUSE/Novell,CrypTag,Nemo.ai",6,148,90.2439024390243902,"Kinvolk,Red Hat,Docker,SUSE/Novell,Nemo.ai,CrypTag,Intel,Caelum",98,59.7560975609756098
3040,2018-01-01T00:00:00Z,2018-04-01T00:00:00Z,Quarter from 01/2018,90,102,25,35,42,55,106,26,5,15,14,6,31,6,2,3,6,2,6,1.1333333333333333,0.2777777777777778,0.3888888888888889,0.4666666666666667,0.6111111111111112,1.1777777777777778,"iaguis,lucab,squeed,euank,Shashwatsh,pkmiec,krnowak,zhsj,dvoita,celskeggs,glevand,pracplayopen,danielmotaleite,ohjames,hwoarang,alban,fabiokung,tormath1,michas2,bgilbert,najamelan,claneys,nri-pl,bacher09,kriestof","Kinvolk,Red Hat,UMCloud,SUSE,Caelum,genua",6,101,99.0196078431372549,"Kinvolk,Red Hat,UMCloud,genua,Caelum,SUSE",82,80.3921568627450980,"iaguis,squeed,lucab,euank,krnowak","Kinvolk,Red Hat",2,25,100.0000000000000000,"Kinvolk,Red Hat",25,100.0000000000000000,"iaguis,Shashwatsh,pkmiec,dvoita,lucab,alban,tormath1,danielmotaleite,glevand,kriestof,bacher09,nri-pl,claneys,najamelan,zhsj","Kinvolk,Red Hat,UMCloud",3,35,100.0000000000000000,"Kinvolk,Red Hat,UMCloud",19,54.2857142857142857,"iaguis,squeed,euank,lucab,krnowak,michas2,hwoarang,fabiokung,bgilbert,celskeggs,rufoa,pracplayopen,zhsj,ohjames","Kinvolk,Red Hat,genua,SUSE,Caelum,UMCloud",6,42,100.0000000000000000,"Kinvolk,Red Hat,SUSE,UMCloud,Caelum,genua",38,90.4761904761904762,"alban,iaguis,lucab,jonboulle,ohjames,euank","Kinvolk,Red Hat",2,55,100.0000000000000000,"Kinvolk,Red Hat",54,98.1818181818181818,"iaguis,ohjames,glevand,blixtra,squeed,lucab,alban,sch00lb0y,orthecreedence,jwieringa,luisbg,pracplayopen,euank,dvoita,Shashwatsh,krnowak,akunszt,vielmetti,pkmiec,siavashs,murarisumit,sstabellini,jellonek,claneys,elimisteve","Kinvolk,Red Hat,Catawiki,Intel,CrypTag",5,100,94.3396226415094340,"Kinvolk,Red Hat,Intel,Catawiki,CrypTag,genua",61,57.5471698113207547
